0 0.779687 0.412500 0.025000 0.033333
0 0.767188 0.531250 0.034375 0.045833
0 0.837500 0.397917 0.031250 0.041667
0 0.834375 0.470833 0.037500 0.050000
0 0.835938 0.531250 0.037500 0.050000
0 0.240625 0.508333 0.034375 0.045833
0 0.246875 0.635417 0.025000 0.033333
0 0.306250 0.506250 0.034375 0.045833
0 0.306250 0.575000 0.037500 0.050000
0 0.306250 0.635417 0.025000 0.033333
0 0.464062 0.762500 0.037500 0.050000
0 0.464062 0.833333 0.031250 0.041667
0 0.467187 0.887500 0.031250 0.041667
0 0.529687 0.829167 0.031250 0.041667
0 0.851562 0.208333 0.037500 0.050000
0 0.854688 0.335417 0.034375 0.045833
0 0.923438 0.216667 0.028125 0.037500
0 0.917188 0.270833 0.040625 0.054167
0 0.917188 0.335417 0.034375 0.045833
0 0.634375 0.595833 0.040625 0.054167
0 0.628125 0.658333 0.040625 0.054167
0 0.689063 0.595833 0.031250 0.041667
0 0.487500 0.683333 0.028125 0.037500
0 0.495312 0.814583 0.031250 0.041667
0 0.553125 0.687500 0.037500 0.050000
0 0.559375 0.750000 0.031250 0.041667
0 0.556250 0.804167 0.037500 0.050000