0 0.692187 0.483333 0.040625 0.054167
0 0.695312 0.552083 0.037500 0.050000
0 0.521875 0.393750 0.028125 0.037500
0 0.518750 0.450000 0.025000 0.033333
0 0.314063 0.687500 0.028125 0.037500
0 0.309375 0.756250 0.037500 0.050000
0 0.317188 0.820833 0.040625 0.054167
0 0.367188 0.683333 0.034375 0.045833
0 0.370312 0.750000 0.028125 0.037500
0 0.135937 0.329167 0.040625 0.054167
0 0.196875 0.341667 0.034375 0.045833
0 0.201563 0.391667 0.031250 0.041667
0 0.609375 0.343750 0.028125 0.037500
0 0.667188 0.287500 0.028125 0.037500
0 0.665625 0.337500 0.040625 0.054167
0 0.629687 0.118750 0.037500 0.050000
0 0.696875 0.125000 0.034375 0.045833
0 0.693750 0.181250 0.034375 0.045833
0 0.762500 0.318750 0.031250 0.041667
0 0.757812 0.381250 0.028125 0.037500
0 0.753125 0.454167 0.040625 0.054167
0 0.828125 0.443750 0.037500 0.050000
0 0.753125 0.143750 0.025000 0.033333
0 0.754687 0.266667 0.037500 0.050000
0 0.823438 0.218750 0.040625 0.054167
0 0.815625 0.277083 0.028125 0.037500