0 0.107813 0.347917 0.034375 0.045833
0 0.096875 0.460417 0.040625 0.054167
0 0.167187 0.470833 0.037500 0.050000
0 0.109375 0.770833 0.028125 0.037500
0 0.114062 0.827083 0.031250 0.041667
0 0.106250 0.895833 0.034375 0.045833
0 0.410938 0.425000 0.025000 0.033333
0 0.414062 0.497917 0.031250 0.041667
0 0.407813 0.554167 0.025000 0.033333
0 0.476562 0.554167 0.034375 0.045833
0 0.653125 0.208333 0.031250 0.041667
0 0.659375 0.322917 0.034375 0.045833
0 0.726562 0.335417 0.037500 0.050000
0 0.443750 0.606250 0.025000 0.033333
0 0.445312 0.679167 0.034375 0.045833
0 0.451562 0.745833 0.040625 0.054167
0 0.560937 0.325000 0.025000 0.033333