0 0.150000 0.468750 0.040625 0.054167
0 0.214062 0.518750 0.031250 0.041667
0 0.054688 0.454167 0.034375 0.045833
0 0.053125 0.583333 0.034375 0.045833
0 0.117188 0.462500 0.037500 0.050000
0 0.331250 0.535417 0.025000 0.033333
0 0.387500 0.608333 0.025000 0.033333
0 0.196875 0.645833 0.028125 0.037500
0 0.201563 0.777083 0.031250 0.041667
0 0.256250 0.650000 0.028125 0.037500
0 0.668750 0.652083 0.028125 0.037500
0 0.667188 0.722917 0.028125 0.037500
0 0.731250 0.602083 0.034375 0.045833
0 0.523438 0.325000 0.025000 0.033333