0 0.434375 0.768750 0.028125 0.037500
0 0.496875 0.712500 0.037500 0.050000
0 0.504687 0.772917 0.034375 0.045833
0 0.085938 0.368750 0.031250 0.041667
0 0.145313 0.312500 0.040625 0.054167
0 0.137500 0.368750 0.028125 0.037500
0 0.178125 0.154167 0.025000 0.033333
0 0.168750 0.283333 0.025000 0.033333
0 0.242188 0.150000 0.040625 0.054167
0 0.234375 0.208333 0.040625 0.054167
0 0.242188 0.275000 0.034375 0.045833
0 0.217188 0.433333 0.037500 0.050000
0 0.229687 0.504167 0.037500 0.050000
0 0.218750 0.566667 0.040625 0.054167
0 0.289062 0.491667 0.040625 0.054167