0 0.745313 0.139583 0.037500 0.050000
0 0.745313 0.270833 0.034375 0.045833
0 0.810937 0.212500 0.025000 0.033333
0 0.278125 0.462500 0.025000 0.033333
0 0.276562 0.591667 0.031250 0.041667
0 0.342187 0.460417 0.034375 0.045833
0 0.357812 0.141667 0.031250 0.041667
0 0.348438 0.189583 0.031250 0.041667
0 0.412500 0.193750 0.025000 0.033333
0 0.640625 0.389583 0.040625 0.054167
0 0.631250 0.460417 0.028125 0.037500
0 0.703125 0.458333 0.031250 0.041667
0 0.279687 0.489583 0.040625 0.054167
0 0.346875 0.552083 0.037500 0.050000
0 0.209375 0.464583 0.025000 0.033333
0 0.210938 0.527083 0.031250 0.041667
0 0.278125 0.525000 0.025000 0.033333
0 0.171875 0.635417 0.031250 0.041667
0 0.173437 0.685417 0.034375 0.045833
0 0.232813 0.697917 0.028125 0.037500