0 0.800000 0.662500 0.037500 0.050000
0 0.810937 0.729167 0.034375 0.045833
0 0.865625 0.666667 0.031250 0.041667
0 0.843750 0.270833 0.025000 0.033333
0 0.845313 0.335417 0.040625 0.054167
0 0.907813 0.272917 0.028125 0.037500
0 0.157812 0.668750 0.040625 0.054167
0 0.212500 0.600000 0.037500 0.050000
0 0.214062 0.658333 0.025000 0.033333
0 0.800000 0.712500 0.028125 0.037500
0 0.809375 0.822917 0.025000 0.033333
0 0.860938 0.766667 0.025000 0.033333
0 0.862500 0.827083 0.037500 0.050000
0 0.384375 0.591667 0.037500 0.050000
0 0.387500 0.727083 0.034375 0.045833
0 0.442188 0.652083 0.031250 0.041667
0 0.443750 0.718750 0.031250 0.041667