0 0.673438 0.222917 0.031250 0.041667
0 0.739062 0.162500 0.040625 0.054167
0 0.695312 0.668750 0.028125 0.037500
0 0.692187 0.783333 0.037500 0.050000
0 0.745313 0.722917 0.028125 0.037500
0 0.803125 0.602083 0.025000 0.033333
0 0.864062 0.589583 0.031250 0.041667
0 0.576562 0.381250 0.028125 0.037500
0 0.571875 0.497917 0.037500 0.050000
0 0.639062 0.443750 0.028125 0.037500
0 0.273438 0.689583 0.028125 0.037500
0 0.275000 0.816667 0.031250 0.041667
0 0.342187 0.695833 0.034375 0.045833
0 0.345313 0.822917 0.034375 0.045833
0 0.748437 0.545833 0.028125 0.037500
0 0.756250 0.625000 0.025000 0.033333
0 0.817187 0.493750 0.034375 0.045833
0 0.821875 0.562500 0.028125 0.037500
0 0.745313 0.762500 0.028125 0.037500
0 0.746875 0.814583 0.025000 0.033333
0 0.798438 0.697917 0.028125 0.037500
0 0.800000 0.745833 0.025000 0.033333
0 0.800000 0.664583 0.040625 0.054167
0 0.801562 0.797917 0.025000 0.033333
0 0.864062 0.658333 0.028125 0.037500
0 0.864062 0.797917 0.034375 0.045833