0 0.104688 0.729167 0.034375 0.045833
0 0.103125 0.862500 0.031250 0.041667
0 0.176563 0.785417 0.025000 0.033333
0 0.176563 0.862500 0.037500 0.050000
0 0.334375 0.075000 0.037500 0.050000
0 0.335938 0.150000 0.028125 0.037500
0 0.396875 0.075000 0.025000 0.033333
0 0.393750 0.147917 0.034375 0.045833
0 0.482812 0.506250 0.034375 0.045833
0 0.473438 0.631250 0.028125 0.037500
0 0.545312 0.564583 0.034375 0.045833
0 0.540625 0.635417 0.028125 0.037500
0 0.865625 0.156250 0.037500 0.050000
0 0.865625 0.218750 0.025000 0.033333
0 0.921875 0.162500 0.034375 0.045833
0 0.915625 0.218750 0.034375 0.045833
0 0.098437 0.639583 0.034375 0.045833
0 0.159375 0.639583 0.037500 0.050000
0 0.565625 0.658333 0.040625 0.054167
0 0.573438 0.783333 0.028125 0.037500
0 0.634375 0.727083 0.040625 0.054167
0 0.639062 0.781250 0.028125 0.037500
0 0.635938 0.283333 0.040625 0.054167
0 0.643750 0.350000 0.028125 0.037500
0 0.701562 0.291667 0.040625 0.054167
0 0.707812 0.343750 0.025000 0.033333
0 0.717187 0.612500 0.031250 0.041667
0 0.721875 0.683333 0.025000 0.033333
0 0.725000 0.747917 0.025000 0.033333
0 0.778125 0.612500 0.037500 0.050000
0 0.775000 0.675000 0.031250 0.041667
0 0.381250 0.745833 0.028125 0.037500
0 0.376563 0.797917 0.025000 0.033333
0 0.450000 0.797917 0.028125 0.037500