0 0.639062 0.700000 0.037500 0.050000
0 0.639062 0.829167 0.040625 0.054167
0 0.701562 0.760417 0.034375 0.045833
0 0.698438 0.827083 0.031250 0.041667
0 0.775000 0.568750 0.040625 0.054167
0 0.773438 0.704167 0.040625 0.054167
0 0.089063 0.597917 0.037500 0.050000
0 0.078125 0.712500 0.028125 0.037500
0 0.457813 0.443750 0.031250 0.041667
0 0.454688 0.506250 0.031250 0.041667
0 0.512500 0.504167 0.040625 0.054167
0 0.456250 0.510417 0.034375 0.045833
0 0.451562 0.641667 0.034375 0.045833
0 0.521875 0.622917 0.028125 0.037500
0 0.515625 0.754167 0.040625 0.054167
0 0.582812 0.691667 0.031250 0.041667
0 0.584375 0.754167 0.025000 0.033333