0 0.121875 0.200000 0.034375 0.045833
0 0.132812 0.258333 0.031250 0.041667
0 0.187500 0.133333 0.040625 0.054167
0 0.470313 0.491667 0.031250 0.041667
0 0.470313 0.562500 0.031250 0.041667
0 0.528125 0.443750 0.031250 0.041667
0 0.293750 0.487500 0.040625 0.054167
0 0.304688 0.554167 0.025000 0.033333
0 0.362500 0.543750 0.031250 0.041667
0 0.720313 0.687500 0.028125 0.037500
0 0.721875 0.733333 0.028125 0.037500
0 0.717187 0.795833 0.028125 0.037500
0 0.785937 0.745833 0.031250 0.041667
0 0.798438 0.220833 0.025000 0.033333
0 0.803125 0.287500 0.040625 0.054167
0 0.860938 0.162500 0.025000 0.033333