0 0.673438 0.381250 0.034375 0.045833
0 0.668750 0.508333 0.040625 0.054167
0 0.739062 0.379167 0.034375 0.045833
0 0.740625 0.452083 0.040625 0.054167
0 0.737500 0.504167 0.028125 0.037500
0 0.512500 0.627083 0.037500 0.050000
0 0.515625 0.756250 0.025000 0.033333
0 0.584375 0.752083 0.034375 0.045833
0 0.764062 0.572917 0.040625 0.054167
0 0.762500 0.691667 0.037500 0.050000
0 0.818750 0.560417 0.040625 0.054167
0 0.825000 0.620833 0.025000 0.033333
0 0.829688 0.681250 0.025000 0.033333
0 0.153125 0.414583 0.034375 0.045833
0 0.153125 0.481250 0.040625 0.054167
0 0.120313 0.700000 0.028125 0.037500
0 0.117188 0.764583 0.037500 0.050000
0 0.103125 0.568750 0.034375 0.045833
0 0.103125 0.627083 0.034375 0.045833
0 0.175000 0.579167 0.040625 0.054167
0 0.307812 0.272917 0.040625 0.054167
0 0.303125 0.410417 0.037500 0.050000
0 0.370312 0.289583 0.031250 0.041667
0 0.373437 0.345833 0.040625 0.054167
0 0.378125 0.408333 0.037500 0.050000
0 0.671875 0.431250 0.040625 0.054167
0 0.670312 0.506250 0.040625 0.054167
0 0.670312 0.562500 0.040625 0.054167
0 0.731250 0.500000 0.040625 0.054167
0 0.517188 0.241667 0.031250 0.041667
0 0.509375 0.306250 0.025000 0.033333
0 0.568750 0.302083 0.028125 0.037500