0 0.803125 0.512500 0.031250 0.041667
0 0.812500 0.568750 0.031250 0.041667
0 0.807813 0.629167 0.037500 0.050000
0 0.864062 0.631250 0.031250 0.041667
0 0.550000 0.204167 0.037500 0.050000
0 0.556250 0.325000 0.028125 0.037500
0 0.625000 0.208333 0.031250 0.041667
0 0.832812 0.462500 0.037500 0.050000
0 0.828125 0.581250 0.040625 0.054167
0 0.901563 0.525000 0.034375 0.045833
0 0.201563 0.550000 0.034375 0.045833
0 0.259375 0.472917 0.028125 0.037500
0 0.526563 0.483333 0.034375 0.045833
0 0.523438 0.533333 0.037500 0.050000
0 0.528125 0.610417 0.037500 0.050000
0 0.584375 0.597917 0.040625 0.054167
0 0.575000 0.712500 0.034375 0.045833
0 0.642188 0.645833 0.028125 0.037500
0 0.639062 0.706250 0.037500 0.050000
0 0.465625 0.458333 0.025000 0.033333
0 0.531250 0.395833 0.025000 0.033333
0 0.525000 0.445833 0.040625 0.054167
0 0.118750 0.564583 0.028125 0.037500
0 0.118750 0.610417 0.028125 0.037500
0 0.182812 0.618750 0.034375 0.045833
0 0.379688 0.641667 0.031250 0.041667
0 0.375000 0.710417 0.031250 0.041667
0 0.442188 0.706250 0.031250 0.041667
0 0.576562 0.662500 0.031250 0.041667
0 0.576562 0.777083 0.025000 0.033333
0 0.640625 0.668750 0.031250 0.041667