0 0.609375 0.312500 0.037500 0.050000
0 0.607812 0.368750 0.025000 0.033333
0 0.603125 0.431250 0.037500 0.050000
0 0.671875 0.420833 0.031250 0.041667
0 0.337500 0.418750 0.034375 0.045833
0 0.332813 0.475000 0.025000 0.033333
0 0.406250 0.410417 0.034375 0.045833
0 0.767188 0.291667 0.028125 0.037500
0 0.760938 0.352083 0.025000 0.033333
0 0.673438 0.204167 0.025000 0.033333
0 0.737500 0.133333 0.025000 0.033333
0 0.823438 0.383333 0.028125 0.037500
0 0.821875 0.497917 0.040625 0.054167
0 0.890625 0.443750 0.040625 0.054167
0 0.892188 0.500000 0.040625 0.054167
0 0.521875 0.627083 0.025000 0.033333
0 0.590625 0.575000 0.037500 0.050000
0 0.175000 0.487500 0.025000 0.033333
0 0.168750 0.550000 0.040625 0.054167
0 0.239063 0.489583 0.025000 0.033333