0 0.737500 0.191667 0.025000 0.033333
0 0.746875 0.250000 0.034375 0.045833
0 0.718750 0.766667 0.031250 0.041667
0 0.723437 0.833333 0.025000 0.033333
0 0.787500 0.704167 0.028125 0.037500
0 0.304688 0.595833 0.025000 0.033333
0 0.304688 0.668750 0.025000 0.033333
0 0.367188 0.545833 0.040625 0.054167
0 0.093750 0.091667 0.028125 0.037500
0 0.093750 0.143750 0.025000 0.033333
0 0.101562 0.210417 0.028125 0.037500
0 0.159375 0.081250 0.034375 0.045833
0 0.160938 0.147917 0.040625 0.054167
0 0.428125 0.700000 0.034375 0.045833
0 0.429688 0.752083 0.031250 0.041667
0 0.489063 0.643750 0.034375 0.045833
0 0.414062 0.533333 0.040625 0.054167
0 0.418750 0.604167 0.037500 0.050000
0 0.468750 0.604167 0.025000 0.033333
0 0.765625 0.618750 0.028125 0.037500
0 0.767188 0.683333 0.037500 0.050000
0 0.828125 0.556250 0.031250 0.041667
0 0.510938 0.504167 0.034375 0.045833
0 0.498437 0.556250 0.040625 0.054167
0 0.509375 0.620833 0.031250 0.041667
0 0.567187 0.629167 0.037500 0.050000
0 0.207813 0.564583 0.037500 0.050000
0 0.207813 0.620833 0.025000 0.033333
0 0.207813 0.693750 0.037500 0.050000