0 0.396875 0.612500 0.040625 0.054167
0 0.392188 0.743750 0.025000 0.033333
0 0.453125 0.608333 0.040625 0.054167
0 0.453125 0.675000 0.034375 0.045833
0 0.462500 0.750000 0.025000 0.033333
0 0.273438 0.383333 0.025000 0.033333
0 0.265625 0.441667 0.031250 0.041667
0 0.326562 0.379167 0.040625 0.054167
0 0.332813 0.435417 0.037500 0.050000
0 0.606250 0.116667 0.031250 0.041667
0 0.604688 0.241667 0.031250 0.041667
0 0.657813 0.127083 0.031250 0.041667
0 0.659375 0.191667 0.028125 0.037500
0 0.660937 0.245833 0.040625 0.054167
0 0.464062 0.181250 0.028125 0.037500
0 0.470313 0.302083 0.028125 0.037500
0 0.526563 0.183333 0.034375 0.045833
0 0.535937 0.237500 0.031250 0.041667
0 0.531250 0.297917 0.028125 0.037500
0 0.275000 0.283333 0.028125 0.037500
0 0.267188 0.410417 0.040625 0.054167
0 0.826562 0.245833 0.040625 0.054167
0 0.825000 0.360417 0.028125 0.037500
0 0.893750 0.241667 0.037500 0.050000
0 0.882812 0.308333 0.034375 0.045833
0 0.887500 0.360417 0.040625 0.054167