0 0.100000 0.570833 0.028125 0.037500
0 0.164062 0.516667 0.040625 0.054167
0 0.165625 0.577083 0.031250 0.041667
0 0.818750 0.408333 0.031250 0.041667
0 0.884375 0.339583 0.028125 0.037500
0 0.885938 0.408333 0.040625 0.054167
0 0.175000 0.262500 0.028125 0.037500
0 0.240625 0.806250 0.028125 0.037500
0 0.298438 0.729167 0.028125 0.037500
0 0.306250 0.808333 0.025000 0.033333
0 0.303125 0.858333 0.040625 0.054167
0 0.150000 0.152083 0.025000 0.033333
0 0.145313 0.227083 0.025000 0.033333
0 0.140625 0.285417 0.025000 0.033333
0 0.210938 0.154167 0.037500 0.050000
0 0.131250 0.516667 0.040625 0.054167
0 0.131250 0.633333 0.040625 0.054167
0 0.084375 0.410417 0.031250 0.041667
0 0.142187 0.345833 0.031250 0.041667
0 0.143750 0.404167 0.040625 0.054167