0 0.623437 0.762500 0.031250 0.041667
0 0.604688 0.445833 0.031250 0.041667
0 0.609375 0.495833 0.037500 0.050000
0 0.671875 0.379167 0.040625 0.054167
0 0.662500 0.435417 0.034375 0.045833
0 0.134375 0.670833 0.025000 0.033333
0 0.128125 0.733333 0.031250 0.041667
0 0.137500 0.787500 0.031250 0.041667
0 0.198437 0.660417 0.034375 0.045833
0 0.196875 0.729167 0.025000 0.033333
0 0.548438 0.408333 0.028125 0.037500
0 0.537500 0.537500 0.037500 0.050000
0 0.607812 0.470833 0.028125 0.037500
0 0.610938 0.527083 0.031250 0.041667
0 0.628125 0.383333 0.040625 0.054167
0 0.620313 0.445833 0.040625 0.054167
0 0.685937 0.308333 0.028125 0.037500
0 0.684375 0.385417 0.025000 0.033333
0 0.737500 0.704167 0.034375 0.045833
0 0.739062 0.833333 0.040625 0.054167
0 0.795312 0.777083 0.040625 0.054167
0 0.807813 0.829167 0.040625 0.054167
0 0.679688 0.141667 0.025000 0.033333
0 0.684375 0.197917 0.025000 0.033333
0 0.675000 0.270833 0.031250 0.041667
0 0.745313 0.141667 0.025000 0.033333
0 0.743750 0.204167 0.040625 0.054167
0 0.079687 0.422917 0.028125 0.037500
0 0.084375 0.493750 0.040625 0.054167
0 0.140625 0.362500 0.028125 0.037500
0 0.153125 0.425000 0.040625 0.054167