0 0.209375 0.172917 0.025000 0.033333
0 0.278125 0.106250 0.034375 0.045833
0 0.198437 0.189583 0.031250 0.041667
0 0.604688 0.514583 0.034375 0.045833
0 0.668750 0.454167 0.028125 0.037500
0 0.829688 0.595833 0.028125 0.037500
0 0.887500 0.589583 0.034375 0.045833
0 0.676562 0.427083 0.040625 0.054167
0 0.737500 0.366667 0.031250 0.041667
0 0.692187 0.810417 0.028125 0.037500
0 0.745313 0.747917 0.025000 0.033333
0 0.648438 0.604167 0.040625 0.054167
0 0.712500 0.608333 0.034375 0.045833
0 0.817187 0.681250 0.028125 0.037500
0 0.885938 0.689583 0.031250 0.041667
0 0.214062 0.327083 0.028125 0.037500
0 0.210938 0.400000 0.037500 0.050000
0 0.220312 0.452083 0.025000 0.033333
0 0.278125 0.327083 0.025000 0.033333
0 0.282813 0.393750 0.040625 0.054167
0 0.728125 0.545833 0.037500 0.050000
0 0.798438 0.483333 0.040625 0.054167