0 0.128125 0.287500 0.034375 0.045833
0 0.131250 0.337500 0.034375 0.045833
0 0.187500 0.335417 0.031250 0.041667
0 0.431250 0.629167 0.028125 0.037500
0 0.425000 0.691667 0.037500 0.050000
0 0.484375 0.568750 0.028125 0.037500
0 0.495312 0.629167 0.031250 0.041667
0 0.515625 0.341667 0.028125 0.037500
0 0.518750 0.404167 0.037500 0.050000
0 0.576562 0.283333 0.031250 0.041667
0 0.582812 0.347917 0.040625 0.054167
0 0.404687 0.481250 0.034375 0.045833
0 0.395313 0.604167 0.025000 0.033333
0 0.465625 0.477083 0.034375 0.045833
0 0.634375 0.550000 0.037500 0.050000
0 0.632812 0.672917 0.034375 0.045833
0 0.689063 0.600000 0.031250 0.041667
0 0.687500 0.668750 0.031250 0.041667
0 0.279687 0.175000 0.031250 0.041667
0 0.287500 0.297917 0.025000 0.033333
0 0.339062 0.235417 0.040625 0.054167
0 0.339062 0.297917 0.028125 0.037500
0 0.300000 0.556250 0.040625 0.054167
0 0.309375 0.685417 0.025000 0.033333
0 0.371875 0.616667 0.040625 0.054167
0 0.375000 0.679167 0.031250 0.041667
0 0.792188 0.702083 0.031250 0.041667
0 0.792188 0.760417 0.034375 0.045833
0 0.860938 0.772917 0.028125 0.037500