0 0.653125 0.293750 0.037500 0.050000
0 0.656250 0.418750 0.040625 0.054167
0 0.720313 0.364583 0.028125 0.037500
0 0.714063 0.420833 0.034375 0.045833
0 0.409375 0.431250 0.028125 0.037500
0 0.400000 0.558333 0.028125 0.037500
0 0.460938 0.431250 0.028125 0.037500
0 0.473438 0.500000 0.031250 0.041667
0 0.473438 0.566667 0.034375 0.045833
0 0.385937 0.431250 0.031250 0.041667
0 0.385937 0.558333 0.025000 0.033333
0 0.451562 0.435417 0.034375 0.045833
0 0.450000 0.566667 0.028125 0.037500
0 0.628125 0.458333 0.031250 0.041667
0 0.690625 0.458333 0.025000 0.033333
0 0.690625 0.514583 0.025000 0.033333
0 0.603125 0.589583 0.025000 0.033333
0 0.596875 0.706250 0.034375 0.045833
0 0.665625 0.652083 0.028125 0.037500
0 0.662500 0.702083 0.028125 0.037500
0 0.518750 0.056250 0.037500 0.050000
0 0.512500 0.116667 0.031250 0.041667
0 0.518750 0.193750 0.031250 0.041667
0 0.575000 0.054167 0.034375 0.045833
0 0.584375 0.116667 0.037500 0.050000
0 0.390625 0.133333 0.040625 0.054167
0 0.390625 0.250000 0.034375 0.045833
0 0.460938 0.137500 0.040625 0.054167
0 0.460938 0.256250 0.025000 0.033333
0 0.768750 0.222917 0.025000 0.033333
0 0.765625 0.335417 0.040625 0.054167
0 0.826562 0.220833 0.037500 0.050000
0 0.829688 0.339583 0.037500 0.050000
0 0.201563 0.516667 0.025000 0.033333
0 0.192188 0.643750 0.028125 0.037500
0 0.254688 0.508333 0.031250 0.041667
0 0.262500 0.570833 0.040625 0.054167
0 0.256250 0.641667 0.031250 0.041667
0 0.710938 0.516667 0.034375 0.045833
0 0.770312 0.462500 0.025000 0.033333
0 0.767188 0.518750 0.025000 0.033333