0 0.476562 0.579167 0.040625 0.054167
0 0.540625 0.652083 0.031250 0.041667
0 0.728125 0.393750 0.028125 0.037500
0 0.795312 0.331250 0.028125 0.037500
0 0.857812 0.710417 0.031250 0.041667
0 0.857812 0.827083 0.028125 0.037500
0 0.914062 0.695833 0.031250 0.041667
0 0.918750 0.833333 0.025000 0.033333
0 0.781250 0.614583 0.040625 0.054167
0 0.846875 0.547917 0.028125 0.037500
0 0.232813 0.697917 0.034375 0.045833
0 0.229687 0.766667 0.025000 0.033333
0 0.234375 0.831250 0.034375 0.045833
0 0.295312 0.693750 0.031250 0.041667
0 0.300000 0.768750 0.025000 0.033333
0 0.179688 0.300000 0.037500 0.050000
0 0.245312 0.243750 0.034375 0.045833
0 0.246875 0.297917 0.034375 0.045833
0 0.771875 0.633333 0.040625 0.054167
0 0.832812 0.568750 0.034375 0.045833
0 0.837500 0.643750 0.025000 0.033333
0 0.740625 0.412500 0.034375 0.045833
0 0.814063 0.475000 0.031250 0.041667
0 0.276562 0.293750 0.028125 0.037500
0 0.271875 0.366667 0.028125 0.037500
0 0.342187 0.297917 0.028125 0.037500
0 0.331250 0.354167 0.037500 0.050000