0 0.456250 0.208333 0.037500 0.050000
0 0.454688 0.337500 0.028125 0.037500
0 0.526563 0.212500 0.025000 0.033333
0 0.526563 0.335417 0.034375 0.045833
0 0.362500 0.737500 0.025000 0.033333
0 0.353125 0.864583 0.028125 0.037500
0 0.417187 0.733333 0.031250 0.041667
0 0.423438 0.797917 0.037500 0.050000
0 0.421875 0.858333 0.028125 0.037500
0 0.340625 0.497917 0.037500 0.050000
0 0.346875 0.568750 0.031250 0.041667
0 0.351562 0.629167 0.031250 0.041667
0 0.348438 0.091667 0.028125 0.037500
0 0.351562 0.147917 0.037500 0.050000
0 0.406250 0.097917 0.037500 0.050000
0 0.393750 0.245833 0.025000 0.033333
0 0.404687 0.375000 0.028125 0.037500
0 0.460938 0.237500 0.025000 0.033333
0 0.462500 0.372917 0.037500 0.050000