0 0.700000 0.141667 0.028125 0.037500
0 0.692187 0.268750 0.028125 0.037500
0 0.762500 0.147917 0.031250 0.041667
0 0.760938 0.204167 0.034375 0.045833
0 0.760938 0.266667 0.031250 0.041667
0 0.607812 0.241667 0.040625 0.054167
0 0.668750 0.237500 0.034375 0.045833
0 0.181250 0.510417 0.028125 0.037500
0 0.184375 0.570833 0.040625 0.054167
0 0.246875 0.579167 0.028125 0.037500
0 0.848437 0.333333 0.037500 0.050000
0 0.853125 0.406250 0.040625 0.054167
0 0.909375 0.389583 0.031250 0.041667
0 0.503125 0.533333 0.037500 0.050000
0 0.495312 0.581250 0.025000 0.033333
0 0.498437 0.658333 0.031250 0.041667
0 0.556250 0.654167 0.034375 0.045833
0 0.610938 0.202083 0.031250 0.041667
0 0.665625 0.202083 0.034375 0.045833
0 0.132812 0.237500 0.025000 0.033333
0 0.189062 0.187500 0.040625 0.054167
0 0.189062 0.233333 0.028125 0.037500
0 0.198437 0.300000 0.034375 0.045833
0 0.379688 0.487500 0.025000 0.033333
0 0.384375 0.614583 0.028125 0.037500
0 0.504687 0.527083 0.031250 0.041667
0 0.504687 0.656250 0.034375 0.045833
0 0.573438 0.531250 0.031250 0.041667
0 0.567187 0.593750 0.025000 0.033333
0 0.564063 0.654167 0.025000 0.033333