0 0.785937 0.250000 0.025000 0.033333
0 0.846875 0.202083 0.028125 0.037500
0 0.854688 0.258333 0.025000 0.033333
0 0.843750 0.325000 0.040625 0.054167
0 0.610938 0.683333 0.031250 0.041667
0 0.612500 0.818750 0.025000 0.033333
0 0.682813 0.677083 0.040625 0.054167
0 0.681250 0.756250 0.028125 0.037500
0 0.314063 0.110417 0.040625 0.054167
0 0.314063 0.235417 0.037500 0.050000
0 0.379688 0.118750 0.031250 0.041667
0 0.375000 0.187500 0.037500 0.050000
0 0.376563 0.237500 0.034375 0.045833
0 0.675000 0.070833 0.025000 0.033333
0 0.667188 0.143750 0.025000 0.033333
0 0.668750 0.191667 0.034375 0.045833
0 0.734375 0.129167 0.028125 0.037500
0 0.750000 0.381250 0.034375 0.045833
0 0.753125 0.520833 0.037500 0.050000
0 0.806250 0.393750 0.025000 0.033333
0 0.809375 0.454167 0.025000 0.033333
0 0.859375 0.143750 0.037500 0.050000
0 0.864062 0.202083 0.031250 0.041667
0 0.926562 0.150000 0.031250 0.041667
0 0.117188 0.581250 0.037500 0.050000
0 0.179688 0.518750 0.028125 0.037500
0 0.176563 0.575000 0.040625 0.054167
0 0.187500 0.641667 0.025000 0.033333
0 0.378125 0.293750 0.025000 0.033333
0 0.432812 0.239583 0.037500 0.050000
0 0.434375 0.293750 0.025000 0.033333
0 0.442188 0.366667 0.040625 0.054167