0 0.321875 0.404167 0.034375 0.045833
0 0.325000 0.470833 0.040625 0.054167
0 0.734375 0.454167 0.025000 0.033333
0 0.732812 0.514583 0.031250 0.041667
0 0.329688 0.154167 0.040625 0.054167
0 0.321875 0.216667 0.037500 0.050000
0 0.392188 0.106250 0.040625 0.054167
0 0.123438 0.643750 0.031250 0.041667
0 0.120313 0.693750 0.031250 0.041667
0 0.178125 0.631250 0.034375 0.045833
0 0.185938 0.718750 0.028125 0.037500
0 0.198437 0.781250 0.025000 0.033333
0 0.198437 0.843750 0.031250 0.041667
0 0.257812 0.733333 0.025000 0.033333
0 0.259375 0.793750 0.028125 0.037500
0 0.132812 0.104167 0.040625 0.054167
0 0.132812 0.170833 0.025000 0.033333
0 0.196875 0.104167 0.025000 0.033333