0 0.464062 0.191667 0.037500 0.050000
0 0.468750 0.243750 0.031250 0.041667
0 0.729688 0.383333 0.034375 0.045833
0 0.731250 0.439583 0.025000 0.033333
0 0.790625 0.387500 0.037500 0.050000
0 0.103125 0.245833 0.028125 0.037500
0 0.162500 0.245833 0.028125 0.037500
0 0.660937 0.231250 0.028125 0.037500
0 0.657813 0.302083 0.028125 0.037500
0 0.714063 0.235417 0.031250 0.041667
0 0.720313 0.310417 0.028125 0.037500
0 0.604688 0.258333 0.025000 0.033333
0 0.604688 0.308333 0.034375 0.045833
0 0.604688 0.381250 0.034375 0.045833
0 0.673438 0.308333 0.040625 0.054167
0 0.368750 0.383333 0.025000 0.033333
0 0.439063 0.385417 0.034375 0.045833
0 0.698438 0.629167 0.040625 0.054167
0 0.695312 0.687500 0.037500 0.050000
0 0.701562 0.754167 0.034375 0.045833
0 0.759375 0.756250 0.037500 0.050000