0 0.376563 0.762500 0.031250 0.041667
0 0.440625 0.760417 0.031250 0.041667
0 0.431250 0.829167 0.040625 0.054167
0 0.414062 0.691667 0.031250 0.041667
0 0.470313 0.704167 0.040625 0.054167
0 0.479687 0.752083 0.034375 0.045833
0 0.464062 0.720833 0.025000 0.033333
0 0.459375 0.860417 0.025000 0.033333
0 0.528125 0.731250 0.040625 0.054167
0 0.143750 0.068750 0.034375 0.045833
0 0.145313 0.139583 0.034375 0.045833
0 0.150000 0.197917 0.037500 0.050000
0 0.218750 0.072917 0.028125 0.037500
0 0.151562 0.602083 0.037500 0.050000
0 0.146875 0.712500 0.034375 0.045833
0 0.215625 0.595833 0.028125 0.037500
0 0.284375 0.281250 0.031250 0.041667
0 0.293750 0.343750 0.037500 0.050000
0 0.418750 0.539583 0.040625 0.054167
0 0.410938 0.608333 0.037500 0.050000
0 0.418750 0.666667 0.025000 0.033333
0 0.484375 0.606250 0.040625 0.054167
0 0.464062 0.408333 0.028125 0.037500
0 0.520312 0.416667 0.025000 0.033333
0 0.529687 0.470833 0.028125 0.037500