0 0.846875 0.616667 0.037500 0.050000
0 0.818750 0.162500 0.037500 0.050000
0 0.826562 0.225000 0.037500 0.050000
0 0.825000 0.293750 0.028125 0.037500
0 0.892188 0.229167 0.037500 0.050000
0 0.414062 0.156250 0.034375 0.045833
0 0.410938 0.283333 0.037500 0.050000
0 0.460938 0.350000 0.037500 0.050000
0 0.456250 0.420833 0.034375 0.045833
0 0.523438 0.297917 0.028125 0.037500
0 0.215625 0.489583 0.028125 0.037500
0 0.278125 0.418750 0.028125 0.037500
0 0.284375 0.489583 0.040625 0.054167
0 0.259375 0.520833 0.031250 0.041667
0 0.271875 0.570833 0.037500 0.050000
0 0.259375 0.631250 0.025000 0.033333
0 0.332813 0.577083 0.031250 0.041667
0 0.779687 0.702083 0.031250 0.041667
0 0.790625 0.831250 0.040625 0.054167
0 0.137500 0.447917 0.025000 0.033333
0 0.192188 0.391667 0.031250 0.041667