0 0.479687 0.720833 0.025000 0.033333
0 0.484375 0.783333 0.037500 0.050000
0 0.465625 0.370833 0.025000 0.033333
0 0.540625 0.308333 0.040625 0.054167
0 0.067187 0.291667 0.037500 0.050000
0 0.068750 0.422917 0.037500 0.050000
0 0.132812 0.362500 0.037500 0.050000
0 0.645312 0.139583 0.028125 0.037500
0 0.654687 0.254167 0.040625 0.054167
0 0.717187 0.133333 0.028125 0.037500
0 0.706250 0.200000 0.040625 0.054167
0 0.103125 0.402083 0.025000 0.033333
0 0.098437 0.512500 0.031250 0.041667
0 0.162500 0.393750 0.025000 0.033333
0 0.157812 0.466667 0.031250 0.041667