0 0.556250 0.591667 0.031250 0.041667
0 0.618750 0.641667 0.031250 0.041667
0 0.356250 0.608333 0.037500 0.050000
0 0.420312 0.543750 0.037500 0.050000
0 0.671875 0.591667 0.037500 0.050000
0 0.673438 0.706250 0.031250 0.041667
0 0.735938 0.577083 0.040625 0.054167
0 0.737500 0.652083 0.028125 0.037500
0 0.735938 0.706250 0.037500 0.050000
0 0.862500 0.329167 0.028125 0.037500
0 0.915625 0.322917 0.037500 0.050000
0 0.445312 0.516667 0.037500 0.050000
0 0.520312 0.575000 0.031250 0.041667
0 0.332813 0.647917 0.037500 0.050000
0 0.343750 0.725000 0.025000 0.033333
0 0.395313 0.585417 0.031250 0.041667
0 0.098437 0.814583 0.037500 0.050000
0 0.159375 0.745833 0.028125 0.037500
0 0.484375 0.277083 0.025000 0.033333
0 0.543750 0.275000 0.028125 0.037500
0 0.542188 0.350000 0.037500 0.050000
0 0.571875 0.172917 0.025000 0.033333
0 0.635938 0.168750 0.034375 0.045833
0 0.579688 0.395833 0.040625 0.054167
0 0.646875 0.458333 0.031250 0.041667