0 0.431250 0.570833 0.025000 0.033333
0 0.435937 0.691667 0.037500 0.050000
0 0.490625 0.700000 0.040625 0.054167
0 0.859375 0.666667 0.028125 0.037500
0 0.850000 0.733333 0.028125 0.037500
0 0.918750 0.670833 0.025000 0.033333
0 0.229687 0.645833 0.031250 0.041667
0 0.225000 0.712500 0.031250 0.041667
0 0.293750 0.650000 0.037500 0.050000
0 0.145313 0.560417 0.025000 0.033333
0 0.154688 0.702083 0.031250 0.041667
0 0.210938 0.562500 0.031250 0.041667
0 0.215625 0.631250 0.040625 0.054167
0 0.218750 0.691667 0.037500 0.050000
0 0.496875 0.508333 0.040625 0.054167
0 0.487500 0.627083 0.034375 0.045833
0 0.550000 0.629167 0.040625 0.054167