0 0.200000 0.137500 0.031250 0.041667
0 0.256250 0.127083 0.034375 0.045833
0 0.248438 0.350000 0.037500 0.050000
0 0.310937 0.362500 0.034375 0.045833
0 0.418750 0.250000 0.028125 0.037500
0 0.479687 0.250000 0.034375 0.045833
0 0.400000 0.602083 0.037500 0.050000
0 0.406250 0.710417 0.028125 0.037500
0 0.289062 0.706250 0.034375 0.045833
0 0.282813 0.827083 0.040625 0.054167
0 0.604688 0.137500 0.025000 0.033333
0 0.598437 0.266667 0.025000 0.033333
0 0.659375 0.141667 0.028125 0.037500
0 0.654687 0.206250 0.037500 0.050000
0 0.657813 0.268750 0.028125 0.037500
0 0.053125 0.760417 0.028125 0.037500
0 0.128125 0.752083 0.025000 0.033333
0 0.825000 0.145833 0.037500 0.050000
0 0.831250 0.260417 0.040625 0.054167
0 0.892188 0.133333 0.034375 0.045833
0 0.889062 0.208333 0.031250 0.041667
0 0.889062 0.262500 0.028125 0.037500
0 0.371875 0.402083 0.031250 0.041667
0 0.365625 0.529167 0.025000 0.033333