0 0.632812 0.458333 0.031250 0.041667
0 0.628125 0.579167 0.037500 0.050000
0 0.693750 0.454167 0.040625 0.054167
0 0.687500 0.570833 0.025000 0.033333
0 0.481250 0.145833 0.028125 0.037500
0 0.485938 0.204167 0.028125 0.037500
0 0.540625 0.154167 0.025000 0.033333
0 0.546875 0.214583 0.031250 0.041667
0 0.073438 0.200000 0.031250 0.041667
0 0.078125 0.325000 0.025000 0.033333
0 0.143750 0.208333 0.031250 0.041667
0 0.148438 0.329167 0.031250 0.041667
0 0.618750 0.762500 0.028125 0.037500
0 0.621875 0.816667 0.037500 0.050000
0 0.617188 0.883333 0.037500 0.050000
0 0.678125 0.764583 0.025000 0.033333
0 0.356250 0.129167 0.028125 0.037500
0 0.360938 0.264583 0.034375 0.045833
0 0.417187 0.247917 0.028125 0.037500
0 0.645312 0.337500 0.028125 0.037500
0 0.651563 0.404167 0.028125 0.037500
0 0.710938 0.333333 0.037500 0.050000
0 0.715625 0.397917 0.028125 0.037500
0 0.067187 0.306250 0.025000 0.033333
0 0.067187 0.381250 0.031250 0.041667
0 0.059375 0.437500 0.037500 0.050000