0 0.426563 0.591667 0.040625 0.054167
0 0.420312 0.712500 0.037500 0.050000
0 0.484375 0.662500 0.028125 0.037500
0 0.482812 0.720833 0.034375 0.045833
0 0.748437 0.493750 0.037500 0.050000
0 0.750000 0.627083 0.025000 0.033333
0 0.803125 0.556250 0.040625 0.054167
0 0.806250 0.625000 0.028125 0.037500
0 0.564063 0.756250 0.031250 0.041667
0 0.565625 0.877083 0.034375 0.045833
0 0.635938 0.756250 0.025000 0.033333
0 0.626563 0.870833 0.040625 0.054167
0 0.129688 0.106250 0.034375 0.045833
0 0.126562 0.152083 0.034375 0.045833
0 0.128125 0.220833 0.037500 0.050000
0 0.184375 0.095833 0.037500 0.050000
0 0.184375 0.158333 0.040625 0.054167
0 0.162500 0.700000 0.037500 0.050000
0 0.162500 0.827083 0.037500 0.050000
0 0.226562 0.758333 0.031250 0.041667
0 0.221875 0.827083 0.040625 0.054167
0 0.557813 0.595833 0.037500 0.050000
0 0.557813 0.652083 0.034375 0.045833
0 0.554688 0.712500 0.037500 0.050000
0 0.609375 0.595833 0.034375 0.045833
0 0.615625 0.660417 0.028125 0.037500