0 0.778125 0.118750 0.037500 0.050000
0 0.776563 0.239583 0.037500 0.050000
0 0.837500 0.177083 0.040625 0.054167
0 0.829688 0.245833 0.040625 0.054167
0 0.448437 0.447917 0.037500 0.050000
0 0.440625 0.514583 0.040625 0.054167
0 0.445312 0.562500 0.034375 0.045833
0 0.506250 0.570833 0.034375 0.045833
0 0.245312 0.185417 0.025000 0.033333
0 0.256250 0.250000 0.040625 0.054167
0 0.246875 0.318750 0.028125 0.037500
0 0.310937 0.252083 0.031250 0.041667
0 0.720313 0.283333 0.025000 0.033333
0 0.725000 0.335417 0.028125 0.037500
0 0.785937 0.279167 0.025000 0.033333
0 0.790625 0.339583 0.040625 0.054167
0 0.534375 0.404167 0.028125 0.037500
0 0.526563 0.460417 0.037500 0.050000
0 0.526563 0.518750 0.037500 0.050000
0 0.589063 0.452083 0.037500 0.050000
0 0.667188 0.779167 0.028125 0.037500
0 0.662500 0.850000 0.031250 0.041667
0 0.728125 0.729167 0.034375 0.045833
0 0.728125 0.785417 0.037500 0.050000
0 0.512500 0.345833 0.040625 0.054167
0 0.504687 0.404167 0.031250 0.041667
0 0.562500 0.352083 0.040625 0.054167
0 0.562500 0.406250 0.025000 0.033333
0 0.803125 0.564583 0.040625 0.054167
0 0.804688 0.618750 0.028125 0.037500
0 0.860938 0.502083 0.028125 0.037500
0 0.870313 0.558333 0.031250 0.041667
0 0.110937 0.568750 0.034375 0.045833
0 0.109375 0.637500 0.031250 0.041667
0 0.160938 0.508333 0.028125 0.037500
0 0.164062 0.579167 0.037500 0.050000