0 0.578125 0.216667 0.028125 0.037500
0 0.578125 0.350000 0.040625 0.054167
0 0.656250 0.729167 0.025000 0.033333
0 0.653125 0.850000 0.031250 0.041667
0 0.603125 0.668750 0.031250 0.041667
0 0.601562 0.793750 0.034375 0.045833
0 0.656250 0.737500 0.028125 0.037500
0 0.668750 0.789583 0.034375 0.045833
0 0.662500 0.345833 0.028125 0.037500
0 0.670312 0.468750 0.037500 0.050000
0 0.725000 0.416667 0.031250 0.041667
0 0.732812 0.483333 0.028125 0.037500
0 0.175000 0.402083 0.031250 0.041667
0 0.176563 0.452083 0.040625 0.054167
0 0.176563 0.512500 0.028125 0.037500
0 0.237500 0.404167 0.037500 0.050000
0 0.478125 0.358333 0.025000 0.033333
0 0.478125 0.477083 0.031250 0.041667
0 0.539062 0.410417 0.034375 0.045833
0 0.540625 0.481250 0.031250 0.041667
0 0.429688 0.431250 0.037500 0.050000
0 0.428125 0.541667 0.025000 0.033333
0 0.481250 0.479167 0.028125 0.037500
0 0.485938 0.547917 0.025000 0.033333