0 0.634375 0.585417 0.034375 0.045833
0 0.692187 0.656250 0.037500 0.050000
0 0.640625 0.177083 0.031250 0.041667
0 0.648438 0.235417 0.031250 0.041667
0 0.653125 0.304167 0.028125 0.037500
0 0.709375 0.243750 0.034375 0.045833
0 0.495312 0.762500 0.025000 0.033333
0 0.553125 0.829167 0.028125 0.037500
0 0.660937 0.329167 0.037500 0.050000
0 0.657813 0.450000 0.028125 0.037500
0 0.723437 0.322917 0.034375 0.045833
0 0.714063 0.395833 0.037500 0.050000
0 0.715625 0.447917 0.037500 0.050000
0 0.139063 0.350000 0.028125 0.037500
0 0.131250 0.408333 0.028125 0.037500
0 0.134375 0.475000 0.031250 0.041667
0 0.193750 0.422917 0.034375 0.045833
0 0.448437 0.433333 0.031250 0.041667
0 0.440625 0.545833 0.034375 0.045833
0 0.498437 0.431250 0.031250 0.041667
0 0.500000 0.483333 0.034375 0.045833
0 0.501563 0.541667 0.028125 0.037500
0 0.351562 0.139583 0.037500 0.050000
0 0.356250 0.210417 0.037500 0.050000
0 0.417187 0.072917 0.034375 0.045833
0 0.645312 0.660417 0.031250 0.041667
0 0.645312 0.785417 0.031250 0.041667
0 0.706250 0.652083 0.031250 0.041667
0 0.700000 0.716667 0.037500 0.050000
0 0.696875 0.785417 0.037500 0.050000
0 0.748437 0.104167 0.028125 0.037500
0 0.804688 0.162500 0.025000 0.033333