0 0.625000 0.462500 0.040625 0.054167
0 0.628125 0.579167 0.037500 0.050000
0 0.687500 0.522917 0.031250 0.041667
0 0.745313 0.254167 0.031250 0.041667
0 0.739062 0.310417 0.034375 0.045833
0 0.809375 0.304167 0.025000 0.033333
0 0.231250 0.318750 0.028125 0.037500
0 0.231250 0.368750 0.040625 0.054167
0 0.292187 0.372917 0.037500 0.050000
0 0.314063 0.283333 0.031250 0.041667
0 0.325000 0.345833 0.034375 0.045833
0 0.312500 0.400000 0.028125 0.037500
0 0.375000 0.352083 0.031250 0.041667
0 0.351562 0.391667 0.037500 0.050000
0 0.351562 0.447917 0.031250 0.041667
0 0.356250 0.520833 0.034375 0.045833
0 0.307812 0.577083 0.025000 0.033333
0 0.373437 0.514583 0.025000 0.033333
0 0.379688 0.579167 0.034375 0.045833
0 0.373437 0.645833 0.028125 0.037500
0 0.220312 0.714583 0.031250 0.041667
0 0.220312 0.772917 0.037500 0.050000
0 0.210938 0.835417 0.034375 0.045833