0 0.310937 0.154167 0.034375 0.045833
0 0.303125 0.275000 0.025000 0.033333
0 0.656250 0.075000 0.034375 0.045833
0 0.654687 0.135417 0.028125 0.037500
0 0.650000 0.197917 0.040625 0.054167
0 0.721875 0.129167 0.031250 0.041667
0 0.681250 0.225000 0.040625 0.054167
0 0.671875 0.277083 0.028125 0.037500
0 0.742188 0.210417 0.031250 0.041667
0 0.735938 0.285417 0.040625 0.054167
0 0.592187 0.547917 0.040625 0.054167
0 0.662500 0.543750 0.028125 0.037500
0 0.342187 0.720833 0.037500 0.050000
0 0.335938 0.791667 0.031250 0.041667
0 0.395313 0.722917 0.031250 0.041667
0 0.398438 0.789583 0.031250 0.041667
0 0.470313 0.758333 0.031250 0.041667
0 0.465625 0.879167 0.028125 0.037500
0 0.609375 0.091667 0.025000 0.033333
0 0.676562 0.087500 0.031250 0.041667
0 0.743750 0.556250 0.028125 0.037500
0 0.737500 0.677083 0.040625 0.054167
0 0.803125 0.668750 0.034375 0.045833