0 0.504687 0.458333 0.040625 0.054167
0 0.567187 0.397917 0.031250 0.041667
0 0.567187 0.466667 0.037500 0.050000
0 0.559375 0.533333 0.028125 0.037500
0 0.793750 0.537500 0.037500 0.050000
0 0.787500 0.664583 0.034375 0.045833
0 0.854688 0.545833 0.037500 0.050000
0 0.851562 0.606250 0.028125 0.037500
0 0.832812 0.266667 0.025000 0.033333
0 0.837500 0.335417 0.028125 0.037500
0 0.828125 0.395833 0.040625 0.054167
0 0.896875 0.277083 0.034375 0.045833
0 0.898438 0.335417 0.034375 0.045833
0 0.842187 0.762500 0.034375 0.045833
0 0.895312 0.706250 0.025000 0.033333
0 0.898438 0.756250 0.037500 0.050000
0 0.898438 0.829167 0.034375 0.045833