0 0.509375 0.291667 0.025000 0.033333
0 0.507812 0.414583 0.034375 0.045833
0 0.573438 0.293750 0.025000 0.033333
0 0.565625 0.354167 0.025000 0.033333
0 0.575000 0.429167 0.040625 0.054167
0 0.406250 0.637500 0.034375 0.045833
0 0.400000 0.689583 0.040625 0.054167
0 0.401562 0.756250 0.028125 0.037500
0 0.464062 0.760417 0.037500 0.050000
0 0.860938 0.097917 0.025000 0.033333
0 0.853125 0.152083 0.031250 0.041667
0 0.856250 0.210417 0.040625 0.054167
0 0.923438 0.218750 0.040625 0.054167
0 0.471875 0.200000 0.031250 0.041667
0 0.475000 0.252083 0.025000 0.033333
0 0.473438 0.322917 0.034375 0.045833
0 0.535937 0.197917 0.028125 0.037500
0 0.456250 0.072917 0.025000 0.033333
0 0.457813 0.135417 0.025000 0.033333
0 0.462500 0.200000 0.040625 0.054167
0 0.526563 0.072917 0.040625 0.054167
0 0.623437 0.556250 0.034375 0.045833
0 0.628125 0.681250 0.037500 0.050000
0 0.689063 0.550000 0.028125 0.037500
0 0.682813 0.612500 0.037500 0.050000
0 0.664062 0.439583 0.040625 0.054167
0 0.668750 0.489583 0.037500 0.050000
0 0.662500 0.560417 0.037500 0.050000
0 0.732812 0.558333 0.034375 0.045833