0 0.812500 0.654167 0.034375 0.045833
0 0.879687 0.712500 0.028125 0.037500
0 0.493750 0.683333 0.028125 0.037500
0 0.496875 0.804167 0.028125 0.037500
0 0.568750 0.739583 0.040625 0.054167
0 0.567187 0.812500 0.025000 0.033333
0 0.332813 0.545833 0.025000 0.033333
0 0.332813 0.664583 0.031250 0.041667
0 0.395313 0.606250 0.040625 0.054167
0 0.395313 0.670833 0.040625 0.054167
0 0.515625 0.097917 0.040625 0.054167
0 0.575000 0.164583 0.028125 0.037500
0 0.300000 0.268750 0.028125 0.037500
0 0.293750 0.347917 0.028125 0.037500
0 0.296875 0.402083 0.037500 0.050000
0 0.254688 0.758333 0.025000 0.033333
0 0.254688 0.879167 0.034375 0.045833
0 0.314063 0.812500 0.031250 0.041667
0 0.309375 0.881250 0.031250 0.041667
0 0.837500 0.652083 0.031250 0.041667
0 0.843750 0.712500 0.031250 0.041667
0 0.848437 0.766667 0.031250 0.041667