0 0.593750 0.275000 0.037500 0.050000
0 0.592187 0.327083 0.031250 0.041667
0 0.651563 0.270833 0.031250 0.041667
0 0.659375 0.289583 0.037500 0.050000
0 0.659375 0.345833 0.028125 0.037500
0 0.656250 0.402083 0.037500 0.050000
0 0.842187 0.187500 0.028125 0.037500
0 0.907813 0.122917 0.040625 0.054167
0 0.901563 0.189583 0.031250 0.041667
0 0.181250 0.391667 0.040625 0.054167
0 0.182812 0.456250 0.031250 0.041667
0 0.179688 0.518750 0.025000 0.033333
0 0.807813 0.633333 0.028125 0.037500
0 0.810937 0.760417 0.028125 0.037500
0 0.868750 0.691667 0.040625 0.054167
0 0.873437 0.745833 0.028125 0.037500
0 0.326562 0.147917 0.037500 0.050000
0 0.332813 0.225000 0.037500 0.050000
0 0.331250 0.272917 0.031250 0.041667