0 0.143750 0.525000 0.034375 0.045833
0 0.132812 0.579167 0.037500 0.050000
0 0.139063 0.641667 0.037500 0.050000
0 0.201563 0.585417 0.040625 0.054167
0 0.459375 0.433333 0.028125 0.037500
0 0.459375 0.489583 0.037500 0.050000
0 0.462500 0.566667 0.028125 0.037500
0 0.521875 0.500000 0.037500 0.050000
0 0.279687 0.543750 0.034375 0.045833
0 0.271875 0.666667 0.025000 0.033333
0 0.339062 0.547917 0.034375 0.045833
0 0.342187 0.658333 0.025000 0.033333
0 0.612500 0.589583 0.031250 0.041667
0 0.614062 0.702083 0.037500 0.050000
0 0.681250 0.572917 0.037500 0.050000
0 0.681250 0.702083 0.025000 0.033333