0 0.340625 0.297917 0.040625 0.054167
0 0.350000 0.418750 0.037500 0.050000
0 0.404687 0.293750 0.028125 0.037500
0 0.403125 0.347917 0.025000 0.033333
0 0.406250 0.422917 0.031250 0.041667
0 0.156250 0.566667 0.028125 0.037500
0 0.160938 0.618750 0.031250 0.041667
0 0.226562 0.506250 0.028125 0.037500
0 0.223438 0.556250 0.028125 0.037500
0 0.464062 0.747917 0.025000 0.033333
0 0.550000 0.585417 0.031250 0.041667
0 0.543750 0.712500 0.028125 0.037500
0 0.604688 0.658333 0.025000 0.033333
0 0.603125 0.718750 0.025000 0.033333
0 0.779687 0.475000 0.025000 0.033333
0 0.773438 0.541667 0.034375 0.045833
0 0.770312 0.600000 0.025000 0.033333
0 0.843750 0.477083 0.037500 0.050000
0 0.837500 0.537500 0.025000 0.033333
0 0.398438 0.206250 0.031250 0.041667
0 0.387500 0.279167 0.040625 0.054167
0 0.454688 0.147917 0.025000 0.033333
0 0.457813 0.212500 0.028125 0.037500