0 0.278125 0.616667 0.034375 0.045833
0 0.271875 0.683333 0.025000 0.033333
0 0.275000 0.743750 0.031250 0.041667
0 0.328125 0.618750 0.031250 0.041667
0 0.703125 0.679167 0.025000 0.033333
0 0.714063 0.735417 0.028125 0.037500
0 0.768750 0.681250 0.037500 0.050000
0 0.771875 0.741667 0.025000 0.033333
0 0.810937 0.387500 0.034375 0.045833
0 0.815625 0.458333 0.031250 0.041667
0 0.806250 0.527083 0.025000 0.033333
0 0.865625 0.402083 0.040625 0.054167
0 0.429688 0.291667 0.034375 0.045833
0 0.434375 0.356250 0.040625 0.054167
0 0.426563 0.410417 0.025000 0.033333
0 0.493750 0.287500 0.037500 0.050000
0 0.298438 0.456250 0.037500 0.050000
0 0.292187 0.518750 0.034375 0.045833
0 0.300000 0.595833 0.028125 0.037500
0 0.359375 0.460417 0.034375 0.045833
0 0.148438 0.204167 0.034375 0.045833
0 0.206250 0.208333 0.028125 0.037500
0 0.640625 0.647917 0.034375 0.045833
0 0.632812 0.770833 0.025000 0.033333
0 0.693750 0.718750 0.040625 0.054167