0 0.792188 0.758333 0.025000 0.033333
0 0.800000 0.806250 0.040625 0.054167
0 0.862500 0.758333 0.031250 0.041667
0 0.860938 0.820833 0.031250 0.041667
0 0.506250 0.408333 0.025000 0.033333
0 0.507812 0.460417 0.034375 0.045833
0 0.496875 0.535417 0.028125 0.037500
0 0.570312 0.477083 0.025000 0.033333
0 0.818750 0.481250 0.028125 0.037500
0 0.815625 0.541667 0.037500 0.050000
0 0.812500 0.620833 0.040625 0.054167
0 0.871875 0.543750 0.034375 0.045833
0 0.732812 0.514583 0.040625 0.054167
0 0.721875 0.577083 0.028125 0.037500
0 0.789062 0.506250 0.040625 0.054167
0 0.787500 0.581250 0.040625 0.054167
0 0.615625 0.354167 0.034375 0.045833
0 0.618750 0.408333 0.025000 0.033333
0 0.682813 0.347917 0.031250 0.041667
0 0.684375 0.414583 0.034375 0.045833
0 0.695312 0.672917 0.025000 0.033333
0 0.762500 0.612500 0.037500 0.050000
0 0.764062 0.675000 0.031250 0.041667
0 0.759375 0.745833 0.025000 0.033333