0 0.112500 0.095833 0.034375 0.045833
0 0.109375 0.162500 0.037500 0.050000
0 0.112500 0.235417 0.040625 0.054167
0 0.179688 0.158333 0.028125 0.037500
0 0.750000 0.089583 0.034375 0.045833
0 0.754687 0.137500 0.031250 0.041667
0 0.750000 0.216667 0.034375 0.045833
0 0.825000 0.145833 0.034375 0.045833
0 0.779687 0.654167 0.034375 0.045833
0 0.784375 0.716667 0.034375 0.045833
0 0.778125 0.777083 0.037500 0.050000
0 0.845313 0.716667 0.028125 0.037500
0 0.678125 0.420833 0.037500 0.050000
0 0.685937 0.550000 0.037500 0.050000
0 0.742188 0.541667 0.040625 0.054167
0 0.535937 0.243750 0.040625 0.054167
0 0.607812 0.558333 0.034375 0.045833
0 0.603125 0.622917 0.025000 0.033333
0 0.603125 0.681250 0.037500 0.050000
0 0.668750 0.625000 0.028125 0.037500