0 0.376563 0.343750 0.031250 0.041667
0 0.381250 0.391667 0.037500 0.050000
0 0.443750 0.268750 0.031250 0.041667
0 0.693750 0.747917 0.031250 0.041667
0 0.690625 0.812500 0.025000 0.033333
0 0.748437 0.693750 0.025000 0.033333
0 0.681250 0.189583 0.031250 0.041667
0 0.676562 0.302083 0.037500 0.050000
0 0.742188 0.250000 0.037500 0.050000
0 0.429688 0.606250 0.031250 0.041667
0 0.493750 0.550000 0.040625 0.054167
0 0.559375 0.562500 0.040625 0.054167
0 0.557813 0.635417 0.025000 0.033333
0 0.621875 0.504167 0.025000 0.033333