0 0.575000 0.297917 0.028125 0.037500
0 0.571875 0.358333 0.034375 0.045833
0 0.564063 0.416667 0.025000 0.033333
0 0.631250 0.302083 0.031250 0.041667
0 0.632812 0.370833 0.034375 0.045833
0 0.150000 0.287500 0.028125 0.037500
0 0.150000 0.406250 0.040625 0.054167
0 0.214062 0.285417 0.025000 0.033333
0 0.206250 0.356250 0.031250 0.041667
0 0.209375 0.406250 0.028125 0.037500
0 0.553125 0.329167 0.040625 0.054167
0 0.557813 0.441667 0.040625 0.054167
0 0.625000 0.447917 0.028125 0.037500
0 0.148438 0.075000 0.034375 0.045833
0 0.157812 0.208333 0.028125 0.037500
0 0.214062 0.077083 0.037500 0.050000
0 0.214062 0.135417 0.028125 0.037500
0 0.217188 0.208333 0.034375 0.045833
0 0.804688 0.689583 0.034375 0.045833
0 0.801562 0.818750 0.040625 0.054167
0 0.865625 0.685417 0.040625 0.054167
0 0.859375 0.758333 0.031250 0.041667
0 0.859375 0.825000 0.028125 0.037500
0 0.143750 0.343750 0.028125 0.037500
0 0.198437 0.281250 0.034375 0.045833
0 0.204687 0.347917 0.025000 0.033333
0 0.670312 0.716667 0.031250 0.041667
0 0.675000 0.829167 0.031250 0.041667
0 0.735938 0.706250 0.028125 0.037500
0 0.731250 0.841667 0.037500 0.050000
0 0.814063 0.170833 0.037500 0.050000
0 0.814063 0.235417 0.034375 0.045833
0 0.865625 0.100000 0.031250 0.041667
0 0.293750 0.160417 0.034375 0.045833
0 0.301563 0.289583 0.031250 0.041667
0 0.367188 0.177083 0.031250 0.041667
0 0.357812 0.287500 0.031250 0.041667