0 0.670312 0.741667 0.031250 0.041667
0 0.735938 0.679167 0.034375 0.045833
0 0.734375 0.739583 0.031250 0.041667
0 0.735938 0.810417 0.031250 0.041667
0 0.150000 0.339583 0.037500 0.050000
0 0.214062 0.339583 0.034375 0.045833
0 0.220312 0.402083 0.037500 0.050000
0 0.401562 0.566667 0.031250 0.041667
0 0.460938 0.568750 0.025000 0.033333
0 0.337500 0.239583 0.037500 0.050000
0 0.393750 0.250000 0.028125 0.037500
0 0.704688 0.289583 0.025000 0.033333
0 0.693750 0.343750 0.034375 0.045833
0 0.756250 0.289583 0.025000 0.033333
0 0.757812 0.352083 0.031250 0.041667
0 0.203125 0.700000 0.037500 0.050000
0 0.204687 0.762500 0.040625 0.054167
0 0.264062 0.708333 0.025000 0.033333
0 0.256250 0.766667 0.037500 0.050000