0 0.368750 0.560417 0.031250 0.041667
0 0.371875 0.627083 0.037500 0.050000
0 0.367188 0.681250 0.037500 0.050000
0 0.435937 0.558333 0.028125 0.037500
0 0.437500 0.618750 0.034375 0.045833
0 0.184375 0.291667 0.025000 0.033333
0 0.176563 0.352083 0.025000 0.033333
0 0.137500 0.145833 0.037500 0.050000
0 0.145313 0.216667 0.034375 0.045833
0 0.812500 0.704167 0.034375 0.045833
0 0.867188 0.658333 0.040625 0.054167
0 0.098437 0.450000 0.040625 0.054167
0 0.162500 0.402083 0.037500 0.050000
0 0.165625 0.456250 0.031250 0.041667
0 0.428125 0.660417 0.028125 0.037500
0 0.429688 0.725000 0.025000 0.033333
0 0.428125 0.785417 0.034375 0.045833
0 0.490625 0.650000 0.040625 0.054167
0 0.490625 0.727083 0.031250 0.041667
0 0.590625 0.650000 0.028125 0.037500
0 0.598437 0.695833 0.028125 0.037500