0 0.790625 0.483333 0.028125 0.037500
0 0.784375 0.545833 0.034375 0.045833
0 0.846875 0.485417 0.025000 0.033333
0 0.142187 0.212500 0.028125 0.037500
0 0.151562 0.331250 0.028125 0.037500
0 0.215625 0.214583 0.025000 0.033333
0 0.207813 0.339583 0.028125 0.037500
0 0.429688 0.735417 0.031250 0.041667
0 0.420312 0.800000 0.028125 0.037500
0 0.482812 0.672917 0.034375 0.045833
0 0.493750 0.745833 0.025000 0.033333
0 0.457813 0.300000 0.037500 0.050000
0 0.462500 0.429167 0.031250 0.041667
0 0.517188 0.306250 0.028125 0.037500
0 0.517188 0.427083 0.037500 0.050000
0 0.473438 0.362500 0.031250 0.041667
0 0.465625 0.435417 0.040625 0.054167
0 0.468750 0.495833 0.025000 0.033333
0 0.525000 0.487500 0.025000 0.033333
0 0.104688 0.412500 0.040625 0.054167
0 0.167187 0.350000 0.025000 0.033333
0 0.165625 0.420833 0.040625 0.054167
0 0.307812 0.754167 0.037500 0.050000
0 0.301563 0.879167 0.028125 0.037500
0 0.367188 0.754167 0.034375 0.045833
0 0.368750 0.872917 0.037500 0.050000
0 0.653125 0.577083 0.028125 0.037500
0 0.660937 0.635417 0.025000 0.033333
0 0.662500 0.687500 0.034375 0.045833
0 0.717187 0.566667 0.031250 0.041667