0 0.262500 0.716667 0.028125 0.037500
0 0.260937 0.781250 0.028125 0.037500
0 0.260937 0.837500 0.031250 0.041667
0 0.695312 0.600000 0.025000 0.033333
0 0.696875 0.712500 0.025000 0.033333
0 0.762500 0.662500 0.034375 0.045833
0 0.045312 0.079167 0.031250 0.041667
0 0.046875 0.202083 0.040625 0.054167
0 0.110937 0.137500 0.034375 0.045833
0 0.343750 0.766667 0.025000 0.033333
0 0.340625 0.835417 0.028125 0.037500
0 0.340625 0.887500 0.031250 0.041667
0 0.242188 0.145833 0.040625 0.054167
0 0.242188 0.270833 0.031250 0.041667
0 0.312500 0.141667 0.031250 0.041667
0 0.307812 0.208333 0.037500 0.050000
0 0.315625 0.281250 0.028125 0.037500
0 0.609375 0.622917 0.025000 0.033333
0 0.596875 0.743750 0.040625 0.054167
0 0.667188 0.606250 0.025000 0.033333
0 0.671875 0.743750 0.037500 0.050000
0 0.715625 0.529167 0.040625 0.054167
0 0.718750 0.650000 0.028125 0.037500
0 0.785937 0.589583 0.040625 0.054167
0 0.610938 0.685417 0.040625 0.054167
0 0.621875 0.797917 0.034375 0.045833
0 0.685937 0.733333 0.031250 0.041667
0 0.379688 0.208333 0.040625 0.054167
0 0.379688 0.345833 0.040625 0.054167
0 0.445312 0.343750 0.028125 0.037500