0 0.200000 0.325000 0.034375 0.045833
0 0.200000 0.387500 0.040625 0.054167
0 0.264062 0.377083 0.040625 0.054167
0 0.501563 0.056250 0.028125 0.037500
0 0.500000 0.195833 0.037500 0.050000
0 0.560937 0.070833 0.031250 0.041667
0 0.557813 0.135417 0.025000 0.033333
0 0.217188 0.556250 0.034375 0.045833
0 0.223438 0.604167 0.028125 0.037500
0 0.281250 0.477083 0.028125 0.037500
0 0.287500 0.545833 0.040625 0.054167
0 0.373437 0.447917 0.028125 0.037500
0 0.370312 0.516667 0.034375 0.045833
0 0.440625 0.393750 0.037500 0.050000
0 0.432812 0.445833 0.028125 0.037500
0 0.762500 0.414583 0.028125 0.037500
0 0.771875 0.541667 0.034375 0.045833
0 0.835938 0.412500 0.034375 0.045833
0 0.835938 0.543750 0.034375 0.045833
0 0.806250 0.545833 0.037500 0.050000
0 0.798438 0.591667 0.040625 0.054167
0 0.871875 0.600000 0.037500 0.050000