0 0.214062 0.381250 0.037500 0.050000
0 0.270313 0.333333 0.037500 0.050000
0 0.270313 0.381250 0.028125 0.037500
0 0.267188 0.445833 0.034375 0.045833
0 0.512500 0.693750 0.031250 0.041667
0 0.570312 0.625000 0.034375 0.045833
0 0.578125 0.704167 0.028125 0.037500
0 0.576562 0.754167 0.040625 0.054167
0 0.226562 0.162500 0.034375 0.045833
0 0.220312 0.231250 0.034375 0.045833
0 0.292187 0.166667 0.040625 0.054167
0 0.279687 0.239583 0.040625 0.054167
0 0.290625 0.725000 0.028125 0.037500
0 0.292187 0.770833 0.025000 0.033333
0 0.285938 0.839583 0.031250 0.041667
0 0.054688 0.343750 0.031250 0.041667
0 0.059375 0.402083 0.040625 0.054167
0 0.121875 0.341667 0.034375 0.045833
0 0.112500 0.402083 0.034375 0.045833