0 0.435937 0.114583 0.025000 0.033333
0 0.437500 0.193750 0.037500 0.050000
0 0.437500 0.241667 0.037500 0.050000
0 0.495312 0.183333 0.040625 0.054167
0 0.189062 0.237500 0.040625 0.054167
0 0.189062 0.289583 0.025000 0.033333
0 0.181250 0.362500 0.034375 0.045833
0 0.514062 0.093750 0.025000 0.033333
0 0.507812 0.162500 0.025000 0.033333
0 0.501563 0.214583 0.025000 0.033333
0 0.573438 0.162500 0.028125 0.037500
0 0.692187 0.300000 0.031250 0.041667
0 0.756250 0.297917 0.028125 0.037500
0 0.759375 0.360417 0.034375 0.045833
0 0.703125 0.218750 0.037500 0.050000
0 0.759375 0.208333 0.037500 0.050000
0 0.757812 0.272917 0.025000 0.033333
0 0.739062 0.262500 0.040625 0.054167
0 0.793750 0.260417 0.040625 0.054167
0 0.792188 0.322917 0.025000 0.033333