0 0.671875 0.531250 0.028125 0.037500
0 0.737500 0.525000 0.031250 0.041667
0 0.653125 0.141667 0.025000 0.033333
0 0.653125 0.214583 0.037500 0.050000
0 0.721875 0.210417 0.025000 0.033333
0 0.490625 0.558333 0.025000 0.033333
0 0.501563 0.614583 0.034375 0.045833
0 0.564063 0.500000 0.040625 0.054167
0 0.554688 0.554167 0.028125 0.037500
0 0.748437 0.295833 0.037500 0.050000
0 0.745313 0.368750 0.037500 0.050000
0 0.812500 0.237500 0.031250 0.041667
0 0.810937 0.308333 0.025000 0.033333
0 0.795312 0.141667 0.031250 0.041667
0 0.796875 0.270833 0.040625 0.054167
0 0.662500 0.350000 0.034375 0.045833
0 0.657813 0.420833 0.025000 0.033333
0 0.725000 0.291667 0.040625 0.054167
0 0.723437 0.350000 0.034375 0.045833
0 0.715625 0.058333 0.034375 0.045833
0 0.709375 0.185417 0.037500 0.050000
0 0.190625 0.410417 0.040625 0.054167
0 0.254688 0.475000 0.028125 0.037500