0 0.376563 0.608333 0.025000 0.033333
0 0.443750 0.547917 0.040625 0.054167
0 0.445312 0.604167 0.031250 0.041667
0 0.276562 0.154167 0.028125 0.037500
0 0.340625 0.102083 0.028125 0.037500
0 0.348438 0.154167 0.040625 0.054167
0 0.748437 0.458333 0.037500 0.050000
0 0.743750 0.514583 0.025000 0.033333
0 0.746875 0.575000 0.040625 0.054167
0 0.535937 0.545833 0.028125 0.037500
0 0.529687 0.608333 0.028125 0.037500
0 0.401562 0.791667 0.040625 0.054167
0 0.467187 0.727083 0.031250 0.041667
0 0.473438 0.795833 0.037500 0.050000
0 0.359375 0.745833 0.025000 0.033333
0 0.357812 0.800000 0.034375 0.045833
0 0.360938 0.872917 0.034375 0.045833