0 0.381250 0.362500 0.040625 0.054167
0 0.376563 0.425000 0.031250 0.041667
0 0.439063 0.416667 0.028125 0.037500
0 0.657813 0.177083 0.028125 0.037500
0 0.667188 0.300000 0.040625 0.054167
0 0.725000 0.187500 0.028125 0.037500
0 0.732812 0.402083 0.034375 0.045833
0 0.720313 0.527083 0.028125 0.037500
0 0.792188 0.391667 0.031250 0.041667
0 0.792188 0.460417 0.025000 0.033333
0 0.782813 0.527083 0.028125 0.037500
0 0.276562 0.660417 0.034375 0.045833
0 0.279687 0.772917 0.025000 0.033333
0 0.345313 0.656250 0.031250 0.041667
0 0.340625 0.781250 0.028125 0.037500
0 0.295312 0.543750 0.040625 0.054167
0 0.362500 0.535417 0.040625 0.054167
0 0.442188 0.639583 0.034375 0.045833
0 0.440625 0.768750 0.031250 0.041667
0 0.512500 0.647917 0.037500 0.050000
0 0.501563 0.706250 0.031250 0.041667
0 0.507812 0.766667 0.031250 0.041667
0 0.760938 0.466667 0.028125 0.037500
0 0.759375 0.597917 0.028125 0.037500
0 0.818750 0.466667 0.037500 0.050000
0 0.654687 0.229167 0.037500 0.050000
0 0.660937 0.347917 0.037500 0.050000
0 0.729688 0.222917 0.031250 0.041667
0 0.720313 0.291667 0.034375 0.045833
0 0.717187 0.352083 0.025000 0.033333
0 0.779687 0.145833 0.037500 0.050000
0 0.842187 0.152083 0.031250 0.041667
0 0.551562 0.333333 0.025000 0.033333
0 0.548438 0.385417 0.031250 0.041667
0 0.615625 0.270833 0.037500 0.050000