0 0.123438 0.408333 0.037500 0.050000
0 0.123438 0.472917 0.034375 0.045833
0 0.121875 0.545833 0.040625 0.054167
0 0.187500 0.422917 0.040625 0.054167
0 0.143750 0.418750 0.028125 0.037500
0 0.140625 0.479167 0.028125 0.037500
0 0.143750 0.554167 0.037500 0.050000
0 0.201563 0.425000 0.040625 0.054167
0 0.114062 0.450000 0.040625 0.054167
0 0.117188 0.516667 0.028125 0.037500
0 0.106250 0.570833 0.025000 0.033333
0 0.175000 0.502083 0.040625 0.054167
0 0.175000 0.635417 0.028125 0.037500
0 0.229687 0.514583 0.037500 0.050000
0 0.231250 0.635417 0.031250 0.041667
0 0.498437 0.629167 0.034375 0.045833
0 0.495312 0.691667 0.034375 0.045833
0 0.492188 0.750000 0.031250 0.041667
0 0.559375 0.764583 0.040625 0.054167
0 0.732812 0.547917 0.034375 0.045833
0 0.737500 0.612500 0.034375 0.045833
0 0.731250 0.664583 0.034375 0.045833
0 0.789062 0.660417 0.040625 0.054167
0 0.134375 0.460417 0.037500 0.050000
0 0.131250 0.525000 0.034375 0.045833
0 0.139063 0.579167 0.028125 0.037500
0 0.201563 0.460417 0.025000 0.033333
0 0.390625 0.402083 0.025000 0.033333
0 0.385937 0.466667 0.037500 0.050000
0 0.385937 0.522917 0.025000 0.033333