0 0.504687 0.170833 0.040625 0.054167
0 0.514062 0.291667 0.031250 0.041667
0 0.570312 0.175000 0.028125 0.037500
0 0.575000 0.229167 0.028125 0.037500
0 0.576562 0.297917 0.034375 0.045833
0 0.462500 0.206250 0.037500 0.050000
0 0.475000 0.341667 0.025000 0.033333
0 0.529687 0.212500 0.025000 0.033333
0 0.529687 0.327083 0.037500 0.050000
0 0.181250 0.643750 0.034375 0.045833
0 0.242188 0.654167 0.040625 0.054167
0 0.682813 0.720833 0.028125 0.037500
0 0.687500 0.845833 0.037500 0.050000
0 0.746875 0.725000 0.028125 0.037500
0 0.753125 0.860417 0.031250 0.041667