0 0.470313 0.066667 0.034375 0.045833
0 0.482812 0.133333 0.025000 0.033333
0 0.476562 0.187500 0.031250 0.041667
0 0.534375 0.127083 0.028125 0.037500
0 0.534375 0.122917 0.040625 0.054167
0 0.539062 0.260417 0.025000 0.033333
0 0.604688 0.122917 0.037500 0.050000
0 0.596875 0.193750 0.028125 0.037500
0 0.596875 0.243750 0.028125 0.037500
0 0.637500 0.393750 0.028125 0.037500
0 0.642188 0.512500 0.037500 0.050000
0 0.707812 0.391667 0.028125 0.037500
0 0.698438 0.450000 0.028125 0.037500
0 0.698438 0.520833 0.034375 0.045833
0 0.501563 0.616667 0.037500 0.050000
0 0.506250 0.754167 0.034375 0.045833
0 0.196875 0.241667 0.040625 0.054167
0 0.187500 0.358333 0.025000 0.033333
0 0.717187 0.670833 0.037500 0.050000
0 0.718750 0.789583 0.040625 0.054167
0 0.779687 0.670833 0.037500 0.050000
0 0.778125 0.725000 0.025000 0.033333
0 0.779687 0.783333 0.037500 0.050000
0 0.782813 0.570833 0.028125 0.037500
0 0.785937 0.625000 0.037500 0.050000
0 0.778125 0.693750 0.040625 0.054167
0 0.850000 0.641667 0.028125 0.037500
0 0.331250 0.100000 0.040625 0.054167
0 0.331250 0.233333 0.025000 0.033333