0 0.493750 0.135417 0.025000 0.033333
0 0.489063 0.197917 0.040625 0.054167
0 0.493750 0.250000 0.028125 0.037500
0 0.556250 0.195833 0.037500 0.050000
0 0.223438 0.593750 0.025000 0.033333
0 0.218750 0.662500 0.037500 0.050000
0 0.217188 0.729167 0.028125 0.037500
0 0.285938 0.670833 0.037500 0.050000
0 0.403125 0.752083 0.025000 0.033333
0 0.462500 0.677083 0.037500 0.050000
0 0.468750 0.750000 0.034375 0.045833
0 0.460938 0.814583 0.037500 0.050000
0 0.310937 0.597917 0.025000 0.033333
0 0.306250 0.731250 0.028125 0.037500
0 0.368750 0.595833 0.028125 0.037500
0 0.379688 0.729167 0.037500 0.050000
0 0.159375 0.325000 0.028125 0.037500
0 0.154688 0.400000 0.031250 0.041667
0 0.156250 0.464583 0.034375 0.045833
0 0.217188 0.395833 0.040625 0.054167
0 0.535937 0.385417 0.028125 0.037500
0 0.539062 0.454167 0.025000 0.033333
0 0.542188 0.508333 0.025000 0.033333
0 0.607812 0.443750 0.037500 0.050000
0 0.520312 0.366667 0.034375 0.045833
0 0.512500 0.493750 0.034375 0.045833
0 0.575000 0.422917 0.040625 0.054167
0 0.470313 0.493750 0.025000 0.033333
0 0.482812 0.556250 0.031250 0.041667
0 0.535937 0.493750 0.037500 0.050000
0 0.301563 0.739583 0.040625 0.054167
0 0.304688 0.808333 0.040625 0.054167
0 0.309375 0.879167 0.037500 0.050000
0 0.367188 0.747917 0.040625 0.054167