0 0.106250 0.145833 0.028125 0.037500
0 0.115625 0.272917 0.031250 0.041667
0 0.165625 0.279167 0.025000 0.033333
0 0.103125 0.150000 0.034375 0.045833
0 0.168750 0.204167 0.031250 0.041667
0 0.254688 0.535417 0.037500 0.050000
0 0.318750 0.600000 0.034375 0.045833
0 0.229687 0.531250 0.028125 0.037500
0 0.229687 0.660417 0.031250 0.041667
0 0.287500 0.595833 0.028125 0.037500
0 0.804688 0.114583 0.037500 0.050000
0 0.798438 0.222917 0.040625 0.054167
0 0.859375 0.172917 0.031250 0.041667
0 0.442188 0.347917 0.040625 0.054167
0 0.506250 0.418750 0.025000 0.033333