0 0.623437 0.452083 0.034375 0.045833
0 0.631250 0.585417 0.037500 0.050000
0 0.685937 0.452083 0.031250 0.041667
0 0.685937 0.518750 0.034375 0.045833
0 0.692187 0.583333 0.034375 0.045833
0 0.510938 0.762500 0.034375 0.045833
0 0.571875 0.700000 0.025000 0.033333
0 0.278125 0.195833 0.037500 0.050000
0 0.270313 0.258333 0.034375 0.045833
0 0.332813 0.195833 0.040625 0.054167
0 0.179688 0.802083 0.034375 0.045833
0 0.245312 0.729167 0.028125 0.037500
0 0.800000 0.745833 0.037500 0.050000
0 0.798438 0.881250 0.031250 0.041667
0 0.562500 0.343750 0.034375 0.045833
0 0.557813 0.464583 0.025000 0.033333
0 0.629687 0.345833 0.025000 0.033333
0 0.618750 0.410417 0.031250 0.041667
0 0.629687 0.466667 0.031250 0.041667
0 0.726562 0.366667 0.034375 0.045833
0 0.726562 0.487500 0.028125 0.037500
0 0.785937 0.366667 0.031250 0.041667
0 0.789062 0.425000 0.034375 0.045833
0 0.782813 0.493750 0.034375 0.045833
0 0.534375 0.081250 0.031250 0.041667
0 0.531250 0.206250 0.031250 0.041667