0 0.146875 0.360417 0.028125 0.037500
0 0.137500 0.477083 0.028125 0.037500
0 0.210938 0.164583 0.034375 0.045833
0 0.203125 0.225000 0.031250 0.041667
0 0.275000 0.095833 0.040625 0.054167
0 0.268750 0.154167 0.028125 0.037500
0 0.459375 0.458333 0.037500 0.050000
0 0.460938 0.510417 0.031250 0.041667
0 0.528125 0.383333 0.025000 0.033333
0 0.525000 0.447917 0.028125 0.037500
0 0.450000 0.258333 0.028125 0.037500
0 0.443750 0.310417 0.037500 0.050000
0 0.504687 0.179167 0.028125 0.037500
0 0.506250 0.247917 0.031250 0.041667
0 0.337500 0.550000 0.034375 0.045833
0 0.339062 0.679167 0.037500 0.050000