0 0.348438 0.508333 0.028125 0.037500
0 0.346875 0.566667 0.031250 0.041667
0 0.417187 0.495833 0.028125 0.037500
0 0.414062 0.570833 0.040625 0.054167
0 0.200000 0.397917 0.031250 0.041667
0 0.207813 0.466667 0.028125 0.037500
0 0.270313 0.458333 0.040625 0.054167
0 0.309375 0.733333 0.040625 0.054167
0 0.359375 0.729167 0.028125 0.037500
0 0.775000 0.583333 0.034375 0.045833
0 0.840625 0.575000 0.031250 0.041667
0 0.685937 0.427083 0.028125 0.037500
0 0.681250 0.493750 0.040625 0.054167
0 0.692187 0.483333 0.028125 0.037500
0 0.687500 0.558333 0.025000 0.033333