0 0.412500 0.760417 0.025000 0.033333
0 0.418750 0.831250 0.040625 0.054167
0 0.478125 0.825000 0.037500 0.050000
0 0.229687 0.510417 0.025000 0.033333
0 0.223438 0.625000 0.037500 0.050000
0 0.287500 0.622917 0.031250 0.041667
0 0.467187 0.518750 0.028125 0.037500
0 0.475000 0.585417 0.034375 0.045833
0 0.467187 0.641667 0.034375 0.045833
0 0.532813 0.654167 0.034375 0.045833
0 0.642188 0.525000 0.025000 0.033333
0 0.635938 0.654167 0.037500 0.050000
0 0.707812 0.647917 0.028125 0.037500
0 0.639062 0.766667 0.025000 0.033333
0 0.637500 0.889583 0.034375 0.045833
0 0.701562 0.902083 0.028125 0.037500
0 0.732812 0.489583 0.034375 0.045833
0 0.792188 0.483333 0.028125 0.037500
0 0.795312 0.547917 0.040625 0.054167
0 0.696875 0.385417 0.037500 0.050000
0 0.701562 0.518750 0.031250 0.041667
0 0.775000 0.283333 0.034375 0.045833
0 0.773438 0.339583 0.037500 0.050000
0 0.831250 0.283333 0.028125 0.037500
0 0.284375 0.337500 0.028125 0.037500
0 0.285938 0.395833 0.040625 0.054167
0 0.290625 0.447917 0.031250 0.041667
0 0.356250 0.450000 0.037500 0.050000