0 0.248438 0.150000 0.028125 0.037500
0 0.250000 0.285417 0.037500 0.050000
0 0.310937 0.160417 0.031250 0.041667
0 0.323437 0.275000 0.025000 0.033333
0 0.764062 0.129167 0.031250 0.041667
0 0.765625 0.189583 0.040625 0.054167
0 0.760938 0.264583 0.031250 0.041667
0 0.834375 0.262500 0.025000 0.033333
0 0.406250 0.497917 0.031250 0.041667
0 0.398438 0.558333 0.040625 0.054167
0 0.404687 0.618750 0.025000 0.033333
0 0.464062 0.608333 0.040625 0.054167
0 0.390625 0.277083 0.037500 0.050000
0 0.385937 0.325000 0.034375 0.045833
0 0.389062 0.393750 0.034375 0.045833
0 0.453125 0.393750 0.037500 0.050000
0 0.559375 0.643750 0.034375 0.045833
0 0.556250 0.710417 0.031250 0.041667
0 0.618750 0.643750 0.028125 0.037500
0 0.835938 0.770833 0.025000 0.033333
0 0.835938 0.831250 0.040625 0.054167
0 0.898438 0.770833 0.040625 0.054167
0 0.507812 0.727083 0.040625 0.054167
0 0.498437 0.793750 0.037500 0.050000
0 0.509375 0.839583 0.025000 0.033333
0 0.564063 0.779167 0.034375 0.045833