0 0.618750 0.287500 0.025000 0.033333
0 0.615625 0.341667 0.037500 0.050000
0 0.606250 0.397917 0.031250 0.041667
0 0.678125 0.350000 0.040625 0.054167
0 0.745313 0.125000 0.031250 0.041667
0 0.795312 0.600000 0.034375 0.045833
0 0.800000 0.741667 0.037500 0.050000
0 0.859375 0.741667 0.034375 0.045833
0 0.353125 0.439583 0.025000 0.033333
0 0.250000 0.370833 0.034375 0.045833
0 0.250000 0.495833 0.031250 0.041667
0 0.314063 0.370833 0.034375 0.045833
0 0.320312 0.489583 0.031250 0.041667
0 0.585938 0.429167 0.034375 0.045833
0 0.581250 0.487500 0.040625 0.054167
0 0.590625 0.552083 0.031250 0.041667
0 0.653125 0.485417 0.031250 0.041667