0 0.182812 0.491667 0.031250 0.041667
0 0.250000 0.491667 0.028125 0.037500
0 0.835938 0.679167 0.025000 0.033333
0 0.840625 0.747917 0.028125 0.037500
0 0.898438 0.733333 0.025000 0.033333
0 0.728125 0.560417 0.040625 0.054167
0 0.723437 0.687500 0.040625 0.054167
0 0.793750 0.564583 0.040625 0.054167
0 0.787500 0.622917 0.034375 0.045833
0 0.785937 0.687500 0.028125 0.037500
0 0.707812 0.250000 0.034375 0.045833
0 0.642188 0.681250 0.037500 0.050000
0 0.712500 0.672917 0.040625 0.054167
0 0.768750 0.514583 0.040625 0.054167
0 0.768750 0.645833 0.025000 0.033333
0 0.826562 0.587500 0.028125 0.037500
0 0.829688 0.645833 0.040625 0.054167
0 0.054688 0.489583 0.028125 0.037500
0 0.056250 0.547917 0.034375 0.045833
0 0.121875 0.422917 0.031250 0.041667
0 0.612500 0.672917 0.037500 0.050000