0 0.375000 0.231250 0.034375 0.045833
0 0.376563 0.356250 0.037500 0.050000
0 0.187500 0.189583 0.037500 0.050000
0 0.190625 0.322917 0.034375 0.045833
0 0.121875 0.452083 0.037500 0.050000
0 0.110937 0.585417 0.031250 0.041667
0 0.395313 0.241667 0.028125 0.037500
0 0.385937 0.362500 0.040625 0.054167
0 0.459375 0.245833 0.040625 0.054167
0 0.460938 0.304167 0.040625 0.054167
0 0.701562 0.541667 0.028125 0.037500
0 0.771875 0.483333 0.031250 0.041667
0 0.773438 0.537500 0.040625 0.054167
0 0.817187 0.247917 0.037500 0.050000
0 0.818750 0.306250 0.037500 0.050000
0 0.814063 0.360417 0.031250 0.041667
0 0.873437 0.241667 0.031250 0.041667