0 0.185938 0.283333 0.025000 0.033333
0 0.182812 0.335417 0.025000 0.033333
0 0.242188 0.218750 0.040625 0.054167
0 0.246875 0.283333 0.037500 0.050000
0 0.054688 0.468750 0.034375 0.045833
0 0.051562 0.525000 0.025000 0.033333
0 0.046875 0.581250 0.031250 0.041667
0 0.112500 0.458333 0.040625 0.054167
0 0.115625 0.529167 0.031250 0.041667
0 0.689063 0.562500 0.028125 0.037500
0 0.765625 0.350000 0.034375 0.045833
0 0.825000 0.358333 0.031250 0.041667
0 0.821875 0.416667 0.040625 0.054167
0 0.357812 0.385417 0.040625 0.054167
0 0.535937 0.485417 0.028125 0.037500
0 0.535937 0.550000 0.040625 0.054167
0 0.604688 0.416667 0.031250 0.041667
0 0.601562 0.489583 0.025000 0.033333
0 0.525000 0.164583 0.037500 0.050000
0 0.515625 0.220833 0.031250 0.041667
0 0.514062 0.293750 0.037500 0.050000
0 0.581250 0.164583 0.025000 0.033333
0 0.578125 0.237500 0.031250 0.041667