0 0.721875 0.060417 0.040625 0.054167
0 0.631250 0.656250 0.025000 0.033333
0 0.637500 0.779167 0.025000 0.033333
0 0.689063 0.666667 0.034375 0.045833
0 0.695312 0.787500 0.034375 0.045833
0 0.500000 0.491667 0.031250 0.041667
0 0.564063 0.420833 0.031250 0.041667
0 0.570312 0.497917 0.034375 0.045833
0 0.562500 0.545833 0.037500 0.050000
0 0.315625 0.352083 0.028125 0.037500
0 0.310937 0.487500 0.040625 0.054167
0 0.378125 0.358333 0.040625 0.054167
0 0.382812 0.477083 0.031250 0.041667
0 0.721875 0.233333 0.034375 0.045833
0 0.720313 0.341667 0.037500 0.050000
0 0.781250 0.295833 0.034375 0.045833