0 0.548438 0.212500 0.034375 0.045833
0 0.729688 0.291667 0.037500 0.050000
0 0.796875 0.352083 0.034375 0.045833
0 0.604688 0.650000 0.034375 0.045833
0 0.596875 0.704167 0.040625 0.054167
0 0.657813 0.575000 0.031250 0.041667
0 0.670312 0.652083 0.028125 0.037500
0 0.696875 0.593750 0.031250 0.041667
0 0.179688 0.720833 0.040625 0.054167
0 0.240625 0.783333 0.040625 0.054167
0 0.403125 0.610417 0.031250 0.041667
0 0.401562 0.670833 0.037500 0.050000
0 0.456250 0.547917 0.025000 0.033333
0 0.468750 0.608333 0.025000 0.033333
0 0.285938 0.252083 0.034375 0.045833
0 0.284375 0.314583 0.034375 0.045833
0 0.345313 0.245833 0.040625 0.054167
0 0.348438 0.308333 0.031250 0.041667
0 0.464062 0.333333 0.037500 0.050000
0 0.526563 0.395833 0.034375 0.045833