0 0.378125 0.475000 0.037500 0.050000
0 0.442188 0.485417 0.025000 0.033333
0 0.118750 0.550000 0.028125 0.037500
0 0.128125 0.608333 0.040625 0.054167
0 0.185938 0.489583 0.040625 0.054167
0 0.181250 0.539583 0.025000 0.033333
0 0.060937 0.489583 0.040625 0.054167
0 0.125000 0.483333 0.028125 0.037500
0 0.129688 0.552083 0.037500 0.050000
0 0.646875 0.552083 0.028125 0.037500
0 0.640625 0.683333 0.028125 0.037500
0 0.710938 0.625000 0.034375 0.045833
0 0.157812 0.291667 0.040625 0.054167
0 0.159375 0.350000 0.037500 0.050000
0 0.218750 0.291667 0.025000 0.033333
0 0.221875 0.345833 0.031250 0.041667