0 0.862500 0.335417 0.025000 0.033333
0 0.920312 0.391667 0.037500 0.050000
0 0.457813 0.527083 0.031250 0.041667
0 0.465625 0.658333 0.031250 0.041667
0 0.526563 0.527083 0.031250 0.041667
0 0.525000 0.658333 0.034375 0.045833
0 0.751563 0.600000 0.037500 0.050000
0 0.759375 0.725000 0.040625 0.054167
0 0.812500 0.652083 0.025000 0.033333
0 0.814063 0.714583 0.028125 0.037500
0 0.129688 0.197917 0.025000 0.033333
0 0.132812 0.312500 0.025000 0.033333
0 0.189062 0.252083 0.040625 0.054167
0 0.190625 0.327083 0.028125 0.037500
0 0.850000 0.281250 0.034375 0.045833
0 0.845313 0.414583 0.028125 0.037500
0 0.914062 0.345833 0.034375 0.045833
0 0.909375 0.408333 0.034375 0.045833
0 0.743750 0.287500 0.040625 0.054167
0 0.798438 0.356250 0.025000 0.033333
0 0.442188 0.739583 0.040625 0.054167
0 0.440625 0.862500 0.031250 0.041667
0 0.514062 0.791667 0.031250 0.041667
0 0.515625 0.858333 0.025000 0.033333
0 0.654687 0.356250 0.040625 0.054167
0 0.656250 0.466667 0.040625 0.054167
0 0.726562 0.406250 0.040625 0.054167
0 0.717187 0.466667 0.040625 0.054167