0 0.101562 0.543750 0.037500 0.050000
0 0.092188 0.612500 0.034375 0.045833
0 0.162500 0.491667 0.028125 0.037500
0 0.154688 0.539583 0.025000 0.033333
0 0.821875 0.712500 0.025000 0.033333
0 0.825000 0.825000 0.037500 0.050000
0 0.881250 0.825000 0.037500 0.050000
0 0.343750 0.100000 0.025000 0.033333
0 0.342187 0.216667 0.028125 0.037500
0 0.404687 0.214583 0.025000 0.033333
0 0.050000 0.731250 0.028125 0.037500
0 0.042188 0.860417 0.034375 0.045833
0 0.110937 0.858333 0.031250 0.041667
0 0.693750 0.700000 0.040625 0.054167
0 0.700000 0.760417 0.034375 0.045833
0 0.703125 0.812500 0.034375 0.045833
0 0.764062 0.756250 0.028125 0.037500