0 0.739062 0.120833 0.031250 0.041667
0 0.739062 0.237500 0.028125 0.037500
0 0.642188 0.391667 0.025000 0.033333
0 0.643750 0.514583 0.037500 0.050000
0 0.342187 0.737500 0.034375 0.045833
0 0.406250 0.733333 0.028125 0.037500
0 0.412500 0.793750 0.034375 0.045833
0 0.521875 0.293750 0.040625 0.054167
0 0.525000 0.352083 0.040625 0.054167
0 0.739062 0.677083 0.040625 0.054167
0 0.742188 0.735417 0.028125 0.037500
0 0.803125 0.745833 0.031250 0.041667
0 0.521875 0.550000 0.040625 0.054167
0 0.531250 0.614583 0.031250 0.041667
0 0.521875 0.677083 0.037500 0.050000
0 0.582812 0.545833 0.034375 0.045833
0 0.585938 0.610417 0.040625 0.054167
0 0.409375 0.689583 0.028125 0.037500
0 0.406250 0.754167 0.034375 0.045833
0 0.414062 0.812500 0.040625 0.054167
0 0.470313 0.677083 0.031250 0.041667
0 0.476562 0.750000 0.031250 0.041667
0 0.125000 0.112500 0.040625 0.054167
0 0.118750 0.239583 0.025000 0.033333
0 0.182812 0.104167 0.031250 0.041667
0 0.190625 0.164583 0.034375 0.045833