0 0.384375 0.233333 0.040625 0.054167
0 0.379688 0.358333 0.031250 0.041667
0 0.443750 0.225000 0.040625 0.054167
0 0.439063 0.293750 0.031250 0.041667
0 0.392188 0.743750 0.031250 0.041667
0 0.393750 0.872917 0.028125 0.037500
0 0.457813 0.754167 0.034375 0.045833
0 0.457813 0.872917 0.034375 0.045833
0 0.781250 0.322917 0.025000 0.033333
0 0.779687 0.435417 0.037500 0.050000
0 0.834375 0.306250 0.034375 0.045833
0 0.837500 0.445833 0.037500 0.050000
0 0.284375 0.556250 0.037500 0.050000
0 0.285938 0.697917 0.037500 0.050000
0 0.348438 0.570833 0.034375 0.045833
0 0.351562 0.693750 0.034375 0.045833
0 0.506250 0.468750 0.031250 0.041667
0 0.498437 0.579167 0.025000 0.033333
0 0.557813 0.456250 0.028125 0.037500
0 0.556250 0.577083 0.037500 0.050000
0 0.070312 0.397917 0.031250 0.041667
0 0.064062 0.516667 0.031250 0.041667
0 0.125000 0.393750 0.028125 0.037500
0 0.131250 0.525000 0.034375 0.045833