0 0.139063 0.718750 0.040625 0.054167
0 0.206250 0.664583 0.040625 0.054167
0 0.140625 0.345833 0.025000 0.033333
0 0.140625 0.470833 0.040625 0.054167
0 0.198437 0.406250 0.040625 0.054167
0 0.209375 0.470833 0.031250 0.041667
0 0.498437 0.652083 0.028125 0.037500
0 0.548438 0.593750 0.028125 0.037500
0 0.631250 0.689583 0.028125 0.037500
0 0.631250 0.808333 0.037500 0.050000
0 0.698438 0.747917 0.040625 0.054167
0 0.698438 0.806250 0.034375 0.045833
0 0.285938 0.327083 0.028125 0.037500
0 0.346875 0.260417 0.034375 0.045833
0 0.604688 0.300000 0.037500 0.050000
0 0.659375 0.235417 0.025000 0.033333