0 0.346875 0.579167 0.034375 0.045833
0 0.348438 0.635417 0.028125 0.037500
0 0.342187 0.700000 0.031250 0.041667
0 0.407813 0.712500 0.040625 0.054167
0 0.609375 0.762500 0.031250 0.041667
0 0.610938 0.812500 0.034375 0.045833
0 0.610938 0.879167 0.040625 0.054167
0 0.676562 0.879167 0.037500 0.050000
0 0.420312 0.287500 0.025000 0.033333
0 0.482812 0.233333 0.037500 0.050000
0 0.473438 0.281250 0.037500 0.050000
0 0.490625 0.572917 0.034375 0.045833
0 0.482812 0.697917 0.034375 0.045833
0 0.554688 0.560417 0.040625 0.054167
0 0.335938 0.304167 0.040625 0.054167
0 0.332813 0.433333 0.034375 0.045833
0 0.390625 0.300000 0.040625 0.054167
0 0.387500 0.377083 0.031250 0.041667
0 0.228125 0.493750 0.037500 0.050000
0 0.239063 0.618750 0.034375 0.045833
0 0.303125 0.481250 0.040625 0.054167
0 0.221875 0.541667 0.028125 0.037500
0 0.223438 0.612500 0.025000 0.033333
0 0.225000 0.670833 0.037500 0.050000
0 0.278125 0.681250 0.037500 0.050000
0 0.578125 0.589583 0.034375 0.045833
0 0.581250 0.662500 0.034375 0.045833
0 0.573438 0.729167 0.040625 0.054167
0 0.640625 0.727083 0.040625 0.054167