0 0.389062 0.131250 0.040625 0.054167
0 0.121875 0.122917 0.037500 0.050000
0 0.123438 0.245833 0.037500 0.050000
0 0.179688 0.247917 0.040625 0.054167
0 0.218750 0.402083 0.028125 0.037500
0 0.218750 0.537500 0.025000 0.033333
0 0.284375 0.414583 0.037500 0.050000
0 0.278125 0.462500 0.034375 0.045833
0 0.082812 0.664583 0.037500 0.050000
0 0.148438 0.660417 0.040625 0.054167
0 0.534375 0.433333 0.028125 0.037500
0 0.539062 0.558333 0.031250 0.041667
0 0.595313 0.556250 0.037500 0.050000
0 0.348438 0.695833 0.037500 0.050000
0 0.415625 0.706250 0.031250 0.041667