0 0.214062 0.437500 0.034375 0.045833
0 0.268750 0.437500 0.028125 0.037500
0 0.275000 0.502083 0.025000 0.033333
0 0.350000 0.770833 0.028125 0.037500
0 0.357812 0.895833 0.028125 0.037500
0 0.414062 0.772917 0.037500 0.050000
0 0.412500 0.839583 0.037500 0.050000
0 0.859375 0.366667 0.040625 0.054167
0 0.920312 0.441667 0.040625 0.054167
0 0.451562 0.110417 0.037500 0.050000
0 0.512500 0.102083 0.037500 0.050000
0 0.507812 0.166667 0.031250 0.041667
0 0.298438 0.670833 0.025000 0.033333
0 0.296875 0.797917 0.025000 0.033333
0 0.354687 0.677083 0.025000 0.033333
0 0.353125 0.731250 0.034375 0.045833
0 0.665625 0.141667 0.025000 0.033333
0 0.662500 0.266667 0.040625 0.054167
0 0.732812 0.145833 0.034375 0.045833
0 0.723437 0.210417 0.037500 0.050000