0 0.160938 0.450000 0.040625 0.054167
0 0.167187 0.514583 0.040625 0.054167
0 0.170313 0.575000 0.028125 0.037500
0 0.262500 0.145833 0.025000 0.033333
0 0.262500 0.197917 0.031250 0.041667
0 0.268750 0.264583 0.040625 0.054167
0 0.325000 0.204167 0.037500 0.050000
0 0.401562 0.672917 0.037500 0.050000
0 0.403125 0.797917 0.037500 0.050000
0 0.462500 0.743750 0.037500 0.050000
0 0.573438 0.393750 0.028125 0.037500
0 0.632812 0.389583 0.025000 0.033333
0 0.632812 0.458333 0.025000 0.033333
0 0.409375 0.143750 0.031250 0.041667
0 0.406250 0.202083 0.040625 0.054167
0 0.470313 0.068750 0.031250 0.041667
0 0.467187 0.133333 0.034375 0.045833
0 0.548438 0.750000 0.025000 0.033333
0 0.614062 0.677083 0.040625 0.054167
0 0.145313 0.254167 0.037500 0.050000
0 0.079687 0.566667 0.034375 0.045833
0 0.153125 0.556250 0.025000 0.033333
0 0.145313 0.625000 0.040625 0.054167
0 0.545312 0.512500 0.025000 0.033333
0 0.546875 0.631250 0.037500 0.050000
0 0.604688 0.575000 0.031250 0.041667