0 0.648438 0.679167 0.037500 0.050000
0 0.704688 0.614583 0.040625 0.054167
0 0.292187 0.545833 0.040625 0.054167
0 0.357812 0.487500 0.031250 0.041667
0 0.270313 0.670833 0.040625 0.054167
0 0.270313 0.727083 0.040625 0.054167
0 0.235937 0.525000 0.025000 0.033333
0 0.295312 0.468750 0.040625 0.054167
0 0.645312 0.664583 0.025000 0.033333
0 0.707812 0.739583 0.040625 0.054167
0 0.639062 0.487500 0.040625 0.054167
0 0.703125 0.554167 0.028125 0.037500
0 0.690625 0.352083 0.025000 0.033333
0 0.687500 0.416667 0.028125 0.037500