0 0.662500 0.606250 0.037500 0.050000
0 0.671875 0.731250 0.037500 0.050000
0 0.728125 0.670833 0.031250 0.041667
0 0.792188 0.743750 0.040625 0.054167
0 0.792188 0.875000 0.037500 0.050000
0 0.848437 0.866667 0.040625 0.054167
0 0.348438 0.618750 0.040625 0.054167
0 0.351562 0.741667 0.031250 0.041667
0 0.415625 0.675000 0.031250 0.041667
0 0.575000 0.247917 0.025000 0.033333
0 0.565625 0.304167 0.025000 0.033333
0 0.637500 0.168750 0.025000 0.033333
0 0.639062 0.235417 0.037500 0.050000
0 0.225000 0.125000 0.040625 0.054167
0 0.221875 0.181250 0.028125 0.037500
0 0.285938 0.064583 0.025000 0.033333
0 0.279687 0.125000 0.034375 0.045833