0 0.785937 0.337500 0.028125 0.037500
0 0.859375 0.337500 0.034375 0.045833
0 0.848437 0.404167 0.034375 0.045833
0 0.089063 0.689583 0.037500 0.050000
0 0.087500 0.766667 0.040625 0.054167
0 0.157812 0.629167 0.028125 0.037500
0 0.156250 0.700000 0.025000 0.033333
0 0.407813 0.360417 0.040625 0.054167
0 0.481250 0.297917 0.040625 0.054167
0 0.471875 0.362500 0.028125 0.037500
0 0.479687 0.510417 0.025000 0.033333
0 0.471875 0.570833 0.025000 0.033333
0 0.532813 0.579167 0.040625 0.054167
0 0.392188 0.522917 0.028125 0.037500
0 0.457813 0.522917 0.034375 0.045833
0 0.459375 0.577083 0.031250 0.041667