0 0.585938 0.520833 0.037500 0.050000
0 0.589063 0.577083 0.037500 0.050000
0 0.656250 0.587500 0.034375 0.045833
0 0.600000 0.589583 0.025000 0.033333
0 0.604688 0.714583 0.034375 0.045833
0 0.664062 0.716667 0.031250 0.041667
0 0.617188 0.508333 0.025000 0.033333
0 0.614062 0.635417 0.040625 0.054167
0 0.668750 0.635417 0.028125 0.037500
0 0.731250 0.293750 0.028125 0.037500
0 0.731250 0.345833 0.040625 0.054167
0 0.735938 0.416667 0.031250 0.041667
0 0.281250 0.612500 0.034375 0.045833
0 0.278125 0.681250 0.028125 0.037500
0 0.278125 0.737500 0.040625 0.054167