0 0.223438 0.437500 0.025000 0.033333
0 0.226562 0.572917 0.028125 0.037500
0 0.135937 0.075000 0.037500 0.050000
0 0.142187 0.137500 0.040625 0.054167
0 0.139063 0.204167 0.034375 0.045833
0 0.195312 0.133333 0.040625 0.054167
0 0.245312 0.308333 0.025000 0.033333
0 0.248438 0.372917 0.040625 0.054167
0 0.318750 0.310417 0.028125 0.037500
0 0.679688 0.231250 0.025000 0.033333
0 0.689063 0.295833 0.028125 0.037500
0 0.687500 0.350000 0.037500 0.050000
0 0.748437 0.300000 0.037500 0.050000
0 0.110937 0.229167 0.028125 0.037500
0 0.107813 0.291667 0.034375 0.045833
0 0.171875 0.285417 0.028125 0.037500
0 0.426563 0.404167 0.028125 0.037500
0 0.421875 0.464583 0.031250 0.041667
0 0.489063 0.397917 0.034375 0.045833
0 0.718750 0.085417 0.037500 0.050000
0 0.718750 0.160417 0.037500 0.050000
0 0.784375 0.154167 0.031250 0.041667
0 0.350000 0.735417 0.034375 0.045833
0 0.351562 0.800000 0.031250 0.041667
0 0.421875 0.733333 0.025000 0.033333
0 0.632812 0.287500 0.037500 0.050000
0 0.623437 0.412500 0.040625 0.054167
0 0.689063 0.427083 0.031250 0.041667
0 0.137500 0.060417 0.040625 0.054167
0 0.134375 0.122917 0.034375 0.045833
0 0.131250 0.183333 0.028125 0.037500
0 0.189062 0.129167 0.025000 0.033333