0 0.157812 0.068750 0.031250 0.041667
0 0.151562 0.195833 0.040625 0.054167
0 0.212500 0.077083 0.025000 0.033333
0 0.315625 0.325000 0.031250 0.041667
0 0.304688 0.441667 0.037500 0.050000
0 0.376563 0.312500 0.034375 0.045833
0 0.187500 0.333333 0.025000 0.033333
0 0.189062 0.389583 0.028125 0.037500
0 0.198437 0.450000 0.034375 0.045833
0 0.256250 0.329167 0.037500 0.050000
0 0.254688 0.402083 0.037500 0.050000
0 0.189062 0.552083 0.031250 0.041667
0 0.189062 0.681250 0.037500 0.050000
0 0.156250 0.437500 0.028125 0.037500
0 0.151562 0.493750 0.028125 0.037500
0 0.215625 0.425000 0.028125 0.037500
0 0.201563 0.658333 0.037500 0.050000
0 0.254688 0.593750 0.031250 0.041667
0 0.420312 0.272917 0.040625 0.054167
0 0.415625 0.400000 0.025000 0.033333
0 0.857812 0.072917 0.025000 0.033333
0 0.854688 0.135417 0.034375 0.045833
0 0.853125 0.200000 0.025000 0.033333
0 0.910937 0.064583 0.034375 0.045833
0 0.912500 0.127083 0.025000 0.033333
0 0.498437 0.445833 0.040625 0.054167
0 0.557813 0.443750 0.028125 0.037500
0 0.257812 0.383333 0.034375 0.045833
0 0.257812 0.512500 0.025000 0.033333
0 0.328125 0.389583 0.025000 0.033333