0 0.057813 0.272917 0.040625 0.054167
0 0.053125 0.341667 0.034375 0.045833
0 0.617188 0.718750 0.028125 0.037500
0 0.612500 0.783333 0.031250 0.041667
0 0.792188 0.375000 0.040625 0.054167
0 0.790625 0.508333 0.031250 0.041667
0 0.860938 0.366667 0.031250 0.041667
0 0.853125 0.506250 0.025000 0.033333
0 0.378125 0.264583 0.040625 0.054167
0 0.382812 0.385417 0.031250 0.041667
0 0.448437 0.258333 0.040625 0.054167
0 0.443750 0.395833 0.034375 0.045833
0 0.254688 0.179167 0.031250 0.041667
0 0.256250 0.306250 0.028125 0.037500
0 0.328125 0.172917 0.040625 0.054167
0 0.318750 0.304167 0.028125 0.037500
0 0.800000 0.635417 0.031250 0.041667
0 0.800000 0.695833 0.037500 0.050000
0 0.860938 0.693750 0.040625 0.054167