0 0.151562 0.335417 0.031250 0.041667
0 0.157812 0.472917 0.037500 0.050000
0 0.214062 0.404167 0.028125 0.037500
0 0.735938 0.581250 0.037500 0.050000
0 0.734375 0.710417 0.028125 0.037500
0 0.804688 0.641667 0.025000 0.033333
0 0.559375 0.633333 0.037500 0.050000
0 0.559375 0.685417 0.040625 0.054167
0 0.631250 0.566667 0.025000 0.033333
0 0.190625 0.552083 0.031250 0.041667
0 0.196875 0.614583 0.031250 0.041667
0 0.265625 0.495833 0.037500 0.050000
0 0.653125 0.245833 0.028125 0.037500
0 0.651563 0.375000 0.037500 0.050000
0 0.718750 0.318750 0.034375 0.045833
0 0.114062 0.754167 0.028125 0.037500
0 0.110937 0.820833 0.034375 0.045833
0 0.176563 0.706250 0.028125 0.037500