0 0.312500 0.697917 0.034375 0.045833
0 0.371875 0.691667 0.037500 0.050000
0 0.725000 0.525000 0.031250 0.041667
0 0.775000 0.522917 0.031250 0.041667
0 0.406250 0.337500 0.037500 0.050000
0 0.401562 0.393750 0.031250 0.041667
0 0.410938 0.458333 0.034375 0.045833
0 0.471875 0.456250 0.034375 0.045833
0 0.507812 0.689583 0.040625 0.054167
0 0.514062 0.758333 0.037500 0.050000
0 0.515625 0.808333 0.040625 0.054167
0 0.567187 0.812500 0.040625 0.054167
0 0.120313 0.458333 0.040625 0.054167
0 0.120313 0.522917 0.040625 0.054167
0 0.185938 0.468750 0.028125 0.037500
0 0.303125 0.214583 0.040625 0.054167
0 0.301563 0.270833 0.025000 0.033333
0 0.362500 0.266667 0.034375 0.045833