0 0.259375 0.239583 0.034375 0.045833
0 0.259375 0.314583 0.034375 0.045833
0 0.317188 0.183333 0.037500 0.050000
0 0.475000 0.650000 0.028125 0.037500
0 0.481250 0.706250 0.037500 0.050000
0 0.548438 0.645833 0.025000 0.033333
0 0.545312 0.716667 0.031250 0.041667
0 0.150000 0.383333 0.031250 0.041667
0 0.153125 0.437500 0.028125 0.037500
0 0.210938 0.383333 0.031250 0.041667
0 0.210938 0.447917 0.040625 0.054167
0 0.595313 0.581250 0.040625 0.054167
0 0.603125 0.695833 0.040625 0.054167
0 0.662500 0.637500 0.034375 0.045833
0 0.662500 0.704167 0.037500 0.050000
0 0.564063 0.204167 0.031250 0.041667
0 0.562500 0.343750 0.031250 0.041667
0 0.625000 0.268750 0.028125 0.037500
0 0.629687 0.341667 0.025000 0.033333
0 0.112500 0.735417 0.028125 0.037500
0 0.109375 0.802083 0.025000 0.033333
0 0.179688 0.739583 0.040625 0.054167
0 0.168750 0.785417 0.034375 0.045833