0 0.856250 0.522917 0.031250 0.041667
0 0.917188 0.589583 0.034375 0.045833
0 0.634375 0.456250 0.025000 0.033333
0 0.634375 0.581250 0.025000 0.033333
0 0.696875 0.468750 0.040625 0.054167
0 0.692187 0.579167 0.037500 0.050000
0 0.131250 0.495833 0.031250 0.041667
0 0.129688 0.554167 0.025000 0.033333
0 0.121875 0.614583 0.040625 0.054167
0 0.190625 0.487500 0.037500 0.050000
0 0.190625 0.556250 0.031250 0.041667
0 0.231250 0.600000 0.037500 0.050000
0 0.231250 0.670833 0.037500 0.050000
0 0.234375 0.739583 0.025000 0.033333
0 0.296875 0.600000 0.025000 0.033333
0 0.293750 0.668750 0.028125 0.037500
0 0.121875 0.652083 0.037500 0.050000
0 0.121875 0.720833 0.028125 0.037500
0 0.115625 0.785417 0.031250 0.041667
0 0.182812 0.714583 0.025000 0.033333