0 0.260937 0.439583 0.040625 0.054167
0 0.264062 0.500000 0.031250 0.041667
0 0.257812 0.562500 0.037500 0.050000
0 0.329688 0.439583 0.028125 0.037500
0 0.320312 0.508333 0.025000 0.033333
0 0.362500 0.443750 0.025000 0.033333
0 0.367188 0.510417 0.034375 0.045833
0 0.426563 0.381250 0.031250 0.041667
0 0.417187 0.450000 0.040625 0.054167
0 0.239063 0.575000 0.034375 0.045833
0 0.237500 0.639583 0.028125 0.037500
0 0.298438 0.518750 0.040625 0.054167
0 0.295312 0.583333 0.025000 0.033333
0 0.796875 0.104167 0.034375 0.045833
0 0.796875 0.235417 0.040625 0.054167
0 0.851562 0.104167 0.031250 0.041667
0 0.854688 0.168750 0.028125 0.037500
0 0.767188 0.745833 0.028125 0.037500
0 0.770312 0.825000 0.040625 0.054167
0 0.775000 0.885417 0.028125 0.037500
0 0.837500 0.762500 0.031250 0.041667
0 0.834375 0.816667 0.031250 0.041667
0 0.200000 0.547917 0.034375 0.045833
0 0.206250 0.622917 0.028125 0.037500
0 0.260937 0.550000 0.031250 0.041667
0 0.256250 0.550000 0.034375 0.045833
0 0.381250 0.535417 0.034375 0.045833