0 0.687500 0.381250 0.028125 0.037500
0 0.687500 0.445833 0.031250 0.041667
0 0.689063 0.520833 0.040625 0.054167
0 0.742188 0.504167 0.025000 0.033333
0 0.381250 0.400000 0.037500 0.050000
0 0.435937 0.402083 0.028125 0.037500
0 0.440625 0.462500 0.040625 0.054167
0 0.500000 0.287500 0.031250 0.041667
0 0.498437 0.345833 0.037500 0.050000
0 0.498437 0.408333 0.031250 0.041667
0 0.560937 0.281250 0.031250 0.041667
0 0.562500 0.345833 0.040625 0.054167
0 0.368750 0.208333 0.025000 0.033333
0 0.381250 0.341667 0.037500 0.050000
0 0.443750 0.281250 0.031250 0.041667
0 0.107813 0.095833 0.031250 0.041667
0 0.114062 0.229167 0.034375 0.045833
0 0.176563 0.160417 0.037500 0.050000