0 0.143750 0.439583 0.034375 0.045833
0 0.200000 0.377083 0.031250 0.041667
0 0.739062 0.627083 0.031250 0.041667
0 0.806250 0.568750 0.025000 0.033333
0 0.809375 0.629167 0.034375 0.045833
0 0.803125 0.691667 0.034375 0.045833
0 0.242188 0.687500 0.031250 0.041667
0 0.235937 0.745833 0.040625 0.054167
0 0.303125 0.616667 0.040625 0.054167
0 0.304688 0.679167 0.025000 0.033333
0 0.779687 0.491667 0.034375 0.045833
0 0.785937 0.552083 0.037500 0.050000
0 0.851562 0.433333 0.040625 0.054167
0 0.090625 0.716667 0.025000 0.033333
0 0.092188 0.766667 0.028125 0.037500
0 0.156250 0.641667 0.040625 0.054167
0 0.595313 0.147917 0.028125 0.037500
0 0.237500 0.668750 0.031250 0.041667
0 0.240625 0.741667 0.031250 0.041667
0 0.303125 0.616667 0.037500 0.050000
0 0.301563 0.141667 0.028125 0.037500
0 0.300000 0.202083 0.031250 0.041667
0 0.354687 0.083333 0.034375 0.045833
0 0.465625 0.683333 0.025000 0.033333
0 0.468750 0.739583 0.028125 0.037500
0 0.540625 0.610417 0.034375 0.045833
0 0.539062 0.685417 0.031250 0.041667