0 0.232813 0.566667 0.034375 0.045833
0 0.234375 0.631250 0.028125 0.037500
0 0.240625 0.702083 0.034375 0.045833
0 0.085938 0.339583 0.025000 0.033333
0 0.090625 0.464583 0.040625 0.054167
0 0.190625 0.420833 0.025000 0.033333
0 0.189062 0.495833 0.025000 0.033333
0 0.256250 0.437500 0.031250 0.041667
0 0.245312 0.491667 0.031250 0.041667
0 0.121875 0.566667 0.031250 0.041667
0 0.126562 0.685417 0.031250 0.041667
0 0.190625 0.566667 0.034375 0.045833
0 0.181250 0.679167 0.025000 0.033333
0 0.084375 0.243750 0.037500 0.050000
0 0.082812 0.383333 0.028125 0.037500
0 0.245312 0.452083 0.025000 0.033333
0 0.237500 0.497917 0.037500 0.050000
0 0.239063 0.572917 0.031250 0.041667
0 0.304688 0.450000 0.028125 0.037500
0 0.668750 0.672917 0.028125 0.037500
0 0.673438 0.739583 0.037500 0.050000
0 0.731250 0.679167 0.037500 0.050000
0 0.737500 0.735417 0.031250 0.041667