0 0.068750 0.147917 0.025000 0.033333
0 0.076563 0.206250 0.031250 0.041667
0 0.126562 0.212500 0.034375 0.045833
0 0.479687 0.739583 0.028125 0.037500
0 0.475000 0.860417 0.037500 0.050000
0 0.535937 0.789583 0.040625 0.054167
0 0.542188 0.850000 0.034375 0.045833
0 0.656250 0.841667 0.034375 0.045833
0 0.715625 0.770833 0.037500 0.050000
0 0.712500 0.831250 0.034375 0.045833
0 0.260937 0.489583 0.025000 0.033333
0 0.260937 0.618750 0.025000 0.033333
0 0.334375 0.489583 0.034375 0.045833
0 0.321875 0.566667 0.028125 0.037500
0 0.328125 0.625000 0.028125 0.037500
0 0.167187 0.579167 0.040625 0.054167
0 0.159375 0.645833 0.040625 0.054167
0 0.684375 0.145833 0.040625 0.054167
0 0.740625 0.089583 0.025000 0.033333
0 0.750000 0.145833 0.025000 0.033333
0 0.115625 0.287500 0.037500 0.050000
0 0.190625 0.218750 0.031250 0.041667
0 0.182812 0.293750 0.040625 0.054167
0 0.464062 0.379167 0.037500 0.050000
0 0.470313 0.433333 0.040625 0.054167
0 0.464062 0.502083 0.040625 0.054167
0 0.523438 0.364583 0.037500 0.050000
0 0.804688 0.537500 0.034375 0.045833
0 0.857812 0.537500 0.028125 0.037500