0 0.235937 0.439583 0.040625 0.054167
0 0.235937 0.554167 0.028125 0.037500
0 0.285938 0.435417 0.031250 0.041667
0 0.287500 0.552083 0.031250 0.041667
0 0.389062 0.264583 0.028125 0.037500
0 0.395313 0.329167 0.031250 0.041667
0 0.389062 0.395833 0.028125 0.037500
0 0.450000 0.333333 0.040625 0.054167
0 0.442188 0.500000 0.031250 0.041667
0 0.050000 0.150000 0.034375 0.045833
0 0.115625 0.085417 0.028125 0.037500
0 0.115625 0.137500 0.034375 0.045833
0 0.115625 0.197917 0.037500 0.050000
0 0.301563 0.497917 0.028125 0.037500
0 0.309375 0.552083 0.025000 0.033333
0 0.162500 0.256250 0.028125 0.037500
0 0.154688 0.370833 0.034375 0.045833
0 0.220312 0.245833 0.031250 0.041667
0 0.218750 0.383333 0.037500 0.050000
0 0.387500 0.472917 0.028125 0.037500
0 0.387500 0.531250 0.031250 0.041667
0 0.382812 0.593750 0.031250 0.041667
0 0.448437 0.608333 0.028125 0.037500
0 0.470313 0.554167 0.040625 0.054167
0 0.631250 0.158333 0.037500 0.050000
0 0.682813 0.091667 0.040625 0.054167
0 0.689063 0.154167 0.037500 0.050000
0 0.685937 0.222917 0.028125 0.037500