0 0.676562 0.606250 0.037500 0.050000
0 0.681250 0.731250 0.037500 0.050000
0 0.737500 0.612500 0.031250 0.041667
0 0.732812 0.735417 0.034375 0.045833
0 0.481250 0.445833 0.028125 0.037500
0 0.482812 0.562500 0.037500 0.050000
0 0.170313 0.683333 0.037500 0.050000
0 0.175000 0.825000 0.040625 0.054167
0 0.235937 0.697917 0.028125 0.037500
0 0.243750 0.816667 0.028125 0.037500
0 0.267188 0.141667 0.034375 0.045833
0 0.273438 0.266667 0.025000 0.033333
0 0.332813 0.139583 0.040625 0.054167
0 0.409375 0.520833 0.040625 0.054167
0 0.404687 0.635417 0.031250 0.041667
0 0.476562 0.520833 0.031250 0.041667
0 0.059375 0.735417 0.031250 0.041667
0 0.064062 0.854167 0.028125 0.037500
0 0.117188 0.733333 0.031250 0.041667