0 0.726562 0.412500 0.028125 0.037500
0 0.725000 0.483333 0.028125 0.037500
0 0.798438 0.352083 0.040625 0.054167
0 0.501563 0.458333 0.025000 0.033333
0 0.501563 0.579167 0.025000 0.033333
0 0.567187 0.514583 0.037500 0.050000
0 0.573438 0.572917 0.040625 0.054167
0 0.212500 0.154167 0.028125 0.037500
0 0.217188 0.279167 0.034375 0.045833
0 0.282813 0.164583 0.034375 0.045833
0 0.273438 0.229167 0.031250 0.041667
0 0.514062 0.568750 0.025000 0.033333
0 0.515625 0.679167 0.040625 0.054167
0 0.576562 0.558333 0.031250 0.041667
0 0.567187 0.627083 0.025000 0.033333
0 0.817187 0.314583 0.040625 0.054167
0 0.817187 0.368750 0.025000 0.033333
0 0.815625 0.439583 0.028125 0.037500
0 0.881250 0.312500 0.025000 0.033333
0 0.128125 0.097917 0.037500 0.050000
0 0.126562 0.222917 0.031250 0.041667
0 0.182812 0.152083 0.034375 0.045833
0 0.792188 0.354167 0.031250 0.041667
0 0.787500 0.487500 0.025000 0.033333
0 0.856250 0.356250 0.025000 0.033333
0 0.856250 0.418750 0.028125 0.037500
0 0.851562 0.491667 0.040625 0.054167
0 0.671875 0.364583 0.028125 0.037500
0 0.670312 0.485417 0.040625 0.054167
0 0.735938 0.350000 0.031250 0.041667
0 0.284375 0.660417 0.028125 0.037500
0 0.273438 0.783333 0.040625 0.054167
0 0.342187 0.718750 0.028125 0.037500
0 0.339062 0.779167 0.028125 0.037500
0 0.742188 0.229167 0.025000 0.033333
0 0.742188 0.354167 0.031250 0.041667
0 0.801562 0.239583 0.025000 0.033333
0 0.800000 0.300000 0.028125 0.037500