0 0.606250 0.195833 0.040625 0.054167
0 0.598437 0.316667 0.037500 0.050000
0 0.662500 0.195833 0.025000 0.033333
0 0.667188 0.256250 0.031250 0.041667
0 0.565625 0.656250 0.040625 0.054167
0 0.571875 0.787500 0.037500 0.050000
0 0.631250 0.658333 0.040625 0.054167
0 0.631250 0.716667 0.037500 0.050000
0 0.048438 0.289583 0.037500 0.050000
0 0.057813 0.410417 0.034375 0.045833
0 0.117188 0.285417 0.031250 0.041667
0 0.110937 0.345833 0.028125 0.037500
0 0.223438 0.525000 0.028125 0.037500
0 0.220312 0.650000 0.040625 0.054167
0 0.285938 0.535417 0.037500 0.050000
0 0.276562 0.593750 0.034375 0.045833