0 0.137500 0.116667 0.025000 0.033333
0 0.135937 0.231250 0.025000 0.033333
0 0.515625 0.441667 0.028125 0.037500
0 0.518750 0.500000 0.034375 0.045833
0 0.578125 0.441667 0.031250 0.041667
0 0.582812 0.495833 0.034375 0.045833
0 0.620313 0.185417 0.034375 0.045833
0 0.626563 0.245833 0.028125 0.037500
0 0.687500 0.189583 0.040625 0.054167
0 0.128125 0.718750 0.031250 0.041667
0 0.198437 0.714583 0.031250 0.041667
0 0.842187 0.368750 0.025000 0.033333
0 0.848437 0.441667 0.028125 0.037500
0 0.901563 0.308333 0.025000 0.033333
0 0.907813 0.368750 0.031250 0.041667