0 0.073438 0.735417 0.025000 0.033333
0 0.145313 0.689583 0.040625 0.054167
0 0.376563 0.085417 0.037500 0.050000
0 0.445312 0.141667 0.025000 0.033333
0 0.843750 0.635417 0.025000 0.033333
0 0.843750 0.691667 0.028125 0.037500
0 0.839063 0.752083 0.031250 0.041667
0 0.906250 0.637500 0.025000 0.033333
0 0.901563 0.689583 0.031250 0.041667
0 0.775000 0.175000 0.034375 0.045833
0 0.776563 0.247917 0.034375 0.045833
0 0.782813 0.308333 0.040625 0.054167
0 0.114062 0.183333 0.025000 0.033333
0 0.107813 0.250000 0.040625 0.054167
0 0.110937 0.312500 0.031250 0.041667
0 0.403125 0.212500 0.040625 0.054167
0 0.470313 0.216667 0.034375 0.045833
0 0.487500 0.725000 0.037500 0.050000
0 0.482812 0.791667 0.034375 0.045833
0 0.485938 0.858333 0.025000 0.033333
0 0.573438 0.068750 0.028125 0.037500
0 0.575000 0.202083 0.031250 0.041667
0 0.631250 0.066667 0.025000 0.033333
0 0.635938 0.125000 0.037500 0.050000
0 0.314063 0.366667 0.028125 0.037500
0 0.364063 0.433333 0.037500 0.050000
0 0.107813 0.468750 0.031250 0.041667
0 0.096875 0.518750 0.040625 0.054167
0 0.164062 0.464583 0.037500 0.050000
0 0.165625 0.514583 0.034375 0.045833