0 0.292187 0.616667 0.040625 0.054167
0 0.290625 0.693750 0.040625 0.054167
0 0.282813 0.741667 0.040625 0.054167
0 0.343750 0.620833 0.037500 0.050000
0 0.342187 0.679167 0.037500 0.050000
0 0.506250 0.208333 0.025000 0.033333
0 0.514062 0.327083 0.031250 0.041667
0 0.578125 0.210417 0.034375 0.045833
0 0.565625 0.320833 0.031250 0.041667
0 0.710938 0.300000 0.034375 0.045833
0 0.779687 0.237500 0.025000 0.033333
0 0.771875 0.297917 0.028125 0.037500
0 0.782813 0.358333 0.037500 0.050000
0 0.604688 0.689583 0.034375 0.045833
0 0.600000 0.764583 0.040625 0.054167
0 0.664062 0.691667 0.031250 0.041667
0 0.792188 0.410417 0.028125 0.037500
0 0.793750 0.485417 0.028125 0.037500
0 0.851562 0.360417 0.031250 0.041667
0 0.342187 0.227083 0.040625 0.054167
0 0.340625 0.277083 0.025000 0.033333
0 0.334375 0.345833 0.025000 0.033333
0 0.393750 0.352083 0.031250 0.041667
0 0.281250 0.560417 0.034375 0.045833
0 0.278125 0.627083 0.028125 0.037500
0 0.337500 0.508333 0.037500 0.050000
0 0.862500 0.683333 0.034375 0.045833
0 0.851562 0.800000 0.040625 0.054167
0 0.918750 0.677083 0.031250 0.041667
0 0.915625 0.806250 0.028125 0.037500
0 0.707812 0.762500 0.031250 0.041667
0 0.707812 0.885417 0.040625 0.054167
0 0.773438 0.760417 0.025000 0.033333
0 0.779687 0.883333 0.037500 0.050000
0 0.279687 0.520833 0.034375 0.045833
0 0.270313 0.583333 0.031250 0.041667
0 0.278125 0.635417 0.031250 0.041667