0 0.448437 0.735417 0.031250 0.041667
0 0.445312 0.795833 0.025000 0.033333
0 0.506250 0.745833 0.034375 0.045833
0 0.509375 0.804167 0.031250 0.041667
0 0.128125 0.391667 0.040625 0.054167
0 0.121875 0.454167 0.028125 0.037500
0 0.132812 0.518750 0.034375 0.045833
0 0.189062 0.450000 0.034375 0.045833
0 0.173437 0.458333 0.037500 0.050000
0 0.171875 0.522917 0.025000 0.033333
0 0.226562 0.454167 0.034375 0.045833
0 0.232813 0.516667 0.037500 0.050000
0 0.345313 0.743750 0.031250 0.041667
0 0.404687 0.743750 0.034375 0.045833
0 0.748437 0.406250 0.031250 0.041667
0 0.807813 0.352083 0.034375 0.045833
0 0.117188 0.270833 0.040625 0.054167
0 0.109375 0.387500 0.028125 0.037500
0 0.179688 0.397917 0.040625 0.054167
0 0.448437 0.281250 0.028125 0.037500
0 0.448437 0.350000 0.037500 0.050000
0 0.446875 0.404167 0.034375 0.045833
0 0.512500 0.343750 0.028125 0.037500
0 0.104688 0.410417 0.025000 0.033333
0 0.157812 0.402083 0.037500 0.050000