0 0.398438 0.516667 0.031250 0.041667
0 0.403125 0.593750 0.028125 0.037500
0 0.404687 0.645833 0.034375 0.045833
0 0.526563 0.660417 0.034375 0.045833
0 0.518750 0.714583 0.025000 0.033333
0 0.584375 0.660417 0.034375 0.045833
0 0.282813 0.412500 0.034375 0.045833
0 0.285938 0.477083 0.028125 0.037500
0 0.342187 0.408333 0.031250 0.041667
0 0.815625 0.543750 0.040625 0.054167
0 0.815625 0.660417 0.025000 0.033333
0 0.876563 0.664583 0.025000 0.033333
0 0.746875 0.191667 0.040625 0.054167
0 0.737500 0.250000 0.037500 0.050000
0 0.739062 0.322917 0.025000 0.033333
0 0.610938 0.697917 0.034375 0.045833
0 0.676562 0.747917 0.040625 0.054167