0 0.560937 0.500000 0.028125 0.037500
0 0.556250 0.633333 0.031250 0.041667
0 0.612500 0.512500 0.028125 0.037500
0 0.620313 0.568750 0.040625 0.054167
0 0.782813 0.643750 0.025000 0.033333
0 0.773438 0.704167 0.040625 0.054167
0 0.773438 0.772917 0.034375 0.045833
0 0.843750 0.781250 0.028125 0.037500
0 0.579688 0.179167 0.028125 0.037500
0 0.585938 0.289583 0.037500 0.050000
0 0.642188 0.166667 0.034375 0.045833
0 0.651563 0.233333 0.037500 0.050000
0 0.293750 0.356250 0.037500 0.050000
0 0.298438 0.422917 0.028125 0.037500
0 0.298438 0.477083 0.028125 0.037500
0 0.357812 0.493750 0.028125 0.037500
0 0.517188 0.304167 0.034375 0.045833
0 0.589063 0.304167 0.037500 0.050000
0 0.589063 0.360417 0.040625 0.054167
0 0.051562 0.204167 0.034375 0.045833
0 0.050000 0.268750 0.028125 0.037500
0 0.054688 0.345833 0.034375 0.045833
0 0.121875 0.220833 0.028125 0.037500
0 0.582812 0.593750 0.028125 0.037500