0 0.501563 0.200000 0.040625 0.054167
0 0.510938 0.331250 0.031250 0.041667
0 0.571875 0.266667 0.028125 0.037500
0 0.793750 0.560417 0.031250 0.041667
0 0.793750 0.685417 0.040625 0.054167
0 0.857812 0.562500 0.040625 0.054167
0 0.864062 0.620833 0.040625 0.054167
0 0.243750 0.206250 0.037500 0.050000
0 0.242188 0.272917 0.028125 0.037500
0 0.312500 0.147917 0.037500 0.050000
0 0.534375 0.141667 0.031250 0.041667
0 0.529687 0.202083 0.028125 0.037500
0 0.600000 0.091667 0.034375 0.045833
0 0.092188 0.797917 0.031250 0.041667
0 0.156250 0.729167 0.028125 0.037500
0 0.153125 0.789583 0.028125 0.037500
0 0.162500 0.858333 0.034375 0.045833
0 0.587500 0.516667 0.028125 0.037500
0 0.646875 0.454167 0.037500 0.050000
0 0.643750 0.525000 0.028125 0.037500
0 0.653125 0.593750 0.040625 0.054167