0 0.260937 0.452083 0.028125 0.037500
0 0.267188 0.579167 0.034375 0.045833
0 0.334375 0.443750 0.031250 0.041667
0 0.331250 0.504167 0.037500 0.050000
0 0.323437 0.564583 0.031250 0.041667
0 0.340625 0.608333 0.028125 0.037500
0 0.343750 0.685417 0.040625 0.054167
0 0.401562 0.625000 0.040625 0.054167
0 0.601562 0.770833 0.034375 0.045833
0 0.748437 0.641667 0.028125 0.037500
0 0.753125 0.704167 0.037500 0.050000
0 0.818750 0.631250 0.037500 0.050000
0 0.765625 0.122917 0.031250 0.041667
0 0.767188 0.243750 0.031250 0.041667
0 0.832812 0.177083 0.025000 0.033333
0 0.828125 0.235417 0.025000 0.033333
0 0.234375 0.787500 0.040625 0.054167
0 0.292187 0.720833 0.025000 0.033333
0 0.301563 0.781250 0.034375 0.045833
0 0.292187 0.845833 0.037500 0.050000