0 0.454688 0.393750 0.028125 0.037500
0 0.454688 0.514583 0.034375 0.045833
0 0.515625 0.381250 0.031250 0.041667
0 0.504687 0.460417 0.037500 0.050000
0 0.246875 0.412500 0.025000 0.033333
0 0.251563 0.527083 0.028125 0.037500
0 0.303125 0.400000 0.037500 0.050000
0 0.303125 0.462500 0.040625 0.054167
0 0.304688 0.522917 0.025000 0.033333
0 0.578125 0.214583 0.034375 0.045833
0 0.651563 0.202083 0.031250 0.041667
0 0.640625 0.272917 0.037500 0.050000
0 0.753125 0.466667 0.028125 0.037500
0 0.806250 0.475000 0.037500 0.050000
0 0.810937 0.520833 0.031250 0.041667