0 0.653125 0.716667 0.031250 0.041667
0 0.656250 0.795833 0.040625 0.054167
0 0.725000 0.668750 0.031250 0.041667
0 0.350000 0.333333 0.037500 0.050000
0 0.350000 0.410417 0.034375 0.045833
0 0.346875 0.466667 0.028125 0.037500
0 0.415625 0.333333 0.040625 0.054167
0 0.412500 0.412500 0.025000 0.033333
0 0.685937 0.691667 0.031250 0.041667
0 0.684375 0.741667 0.037500 0.050000
0 0.679688 0.814583 0.034375 0.045833
0 0.751563 0.750000 0.034375 0.045833
0 0.220312 0.335417 0.025000 0.033333
0 0.209375 0.400000 0.034375 0.045833
0 0.281250 0.266667 0.034375 0.045833
0 0.748437 0.314583 0.040625 0.054167
0 0.810937 0.316667 0.034375 0.045833