0 0.092188 0.739583 0.031250 0.041667
0 0.082812 0.802083 0.034375 0.045833
0 0.151562 0.687500 0.031250 0.041667
0 0.707812 0.689583 0.025000 0.033333
0 0.701562 0.818750 0.028125 0.037500
0 0.760938 0.687500 0.028125 0.037500
0 0.759375 0.810417 0.037500 0.050000
0 0.401562 0.708333 0.040625 0.054167
0 0.409375 0.772917 0.025000 0.033333
0 0.406250 0.829167 0.031250 0.041667
0 0.468750 0.825000 0.031250 0.041667
0 0.678125 0.431250 0.031250 0.041667
0 0.729688 0.381250 0.040625 0.054167
0 0.557813 0.722917 0.025000 0.033333
0 0.551562 0.781250 0.028125 0.037500
0 0.553125 0.843750 0.025000 0.033333
0 0.625000 0.850000 0.034375 0.045833
0 0.706250 0.116667 0.040625 0.054167
0 0.775000 0.127083 0.034375 0.045833
0 0.201563 0.329167 0.028125 0.037500