0 0.650000 0.468750 0.031250 0.041667
0 0.656250 0.531250 0.028125 0.037500
0 0.653125 0.589583 0.028125 0.037500
0 0.720313 0.468750 0.040625 0.054167
0 0.450000 0.650000 0.040625 0.054167
0 0.451562 0.710417 0.040625 0.054167
0 0.453125 0.768750 0.037500 0.050000
0 0.510938 0.643750 0.040625 0.054167
0 0.601562 0.335417 0.040625 0.054167
0 0.598437 0.402083 0.037500 0.050000
0 0.670312 0.268750 0.040625 0.054167
0 0.223438 0.752083 0.040625 0.054167
0 0.225000 0.881250 0.040625 0.054167
0 0.279687 0.808333 0.028125 0.037500