0 0.490625 0.579167 0.040625 0.054167
0 0.489063 0.656250 0.031250 0.041667
0 0.493750 0.706250 0.034375 0.045833
0 0.560937 0.710417 0.034375 0.045833
0 0.460938 0.279167 0.025000 0.033333
0 0.459375 0.404167 0.025000 0.033333
0 0.517188 0.414583 0.034375 0.045833
0 0.084375 0.529167 0.031250 0.041667
0 0.090625 0.591667 0.034375 0.045833
0 0.081250 0.664583 0.037500 0.050000
0 0.156250 0.652083 0.034375 0.045833
0 0.431250 0.350000 0.034375 0.045833
0 0.423438 0.408333 0.037500 0.050000
0 0.431250 0.483333 0.037500 0.050000
0 0.484375 0.481250 0.028125 0.037500