0 0.406250 0.254167 0.028125 0.037500
0 0.403125 0.383333 0.028125 0.037500
0 0.465625 0.318750 0.028125 0.037500
0 0.459375 0.383333 0.037500 0.050000
0 0.192188 0.106250 0.034375 0.045833
0 0.198437 0.170833 0.031250 0.041667
0 0.254688 0.175000 0.040625 0.054167
0 0.859375 0.260417 0.025000 0.033333
0 0.857812 0.375000 0.031250 0.041667
0 0.925000 0.322917 0.025000 0.033333
0 0.915625 0.370833 0.031250 0.041667
0 0.484375 0.647917 0.028125 0.037500
0 0.489063 0.716667 0.025000 0.033333
0 0.548438 0.710417 0.028125 0.037500
0 0.775000 0.556250 0.031250 0.041667
0 0.770312 0.612500 0.025000 0.033333
0 0.840625 0.487500 0.037500 0.050000
0 0.160938 0.491667 0.025000 0.033333
0 0.215625 0.487500 0.034375 0.045833
0 0.226562 0.558333 0.037500 0.050000
0 0.428125 0.404167 0.040625 0.054167
0 0.271875 0.120833 0.037500 0.050000
0 0.264062 0.250000 0.040625 0.054167
0 0.331250 0.122917 0.034375 0.045833