0 0.792188 0.522917 0.040625 0.054167
0 0.856250 0.456250 0.040625 0.054167
0 0.857812 0.514583 0.040625 0.054167
0 0.726562 0.077083 0.037500 0.050000
0 0.725000 0.212500 0.034375 0.045833
0 0.171875 0.368750 0.025000 0.033333
0 0.171875 0.437500 0.037500 0.050000
0 0.178125 0.506250 0.025000 0.033333
0 0.143750 0.227083 0.040625 0.054167
0 0.150000 0.281250 0.037500 0.050000
0 0.140625 0.339583 0.040625 0.054167
0 0.210938 0.227083 0.040625 0.054167
0 0.384375 0.693750 0.040625 0.054167
0 0.381250 0.762500 0.031250 0.041667
0 0.379688 0.820833 0.037500 0.050000
0 0.445312 0.708333 0.040625 0.054167
0 0.450000 0.764583 0.034375 0.045833
0 0.231250 0.585417 0.034375 0.045833
0 0.232813 0.710417 0.031250 0.041667
0 0.295312 0.589583 0.040625 0.054167
0 0.293750 0.718750 0.037500 0.050000
0 0.101562 0.252083 0.034375 0.045833
0 0.162500 0.183333 0.037500 0.050000
0 0.157812 0.256250 0.025000 0.033333