0 0.771875 0.152083 0.034375 0.045833
0 0.771875 0.277083 0.031250 0.041667
0 0.840625 0.154167 0.031250 0.041667
0 0.831250 0.212500 0.034375 0.045833
0 0.468750 0.522917 0.031250 0.041667
0 0.525000 0.466667 0.028125 0.037500
0 0.529687 0.537500 0.040625 0.054167
0 0.528125 0.597917 0.025000 0.033333
0 0.270313 0.577083 0.031250 0.041667
0 0.340625 0.500000 0.031250 0.041667
0 0.335938 0.568750 0.037500 0.050000
0 0.342187 0.625000 0.040625 0.054167
0 0.664062 0.212500 0.037500 0.050000
0 0.675000 0.275000 0.034375 0.045833
0 0.729688 0.156250 0.034375 0.045833
0 0.751563 0.527083 0.031250 0.041667
0 0.739062 0.645833 0.034375 0.045833
0 0.810937 0.527083 0.028125 0.037500
0 0.814063 0.595833 0.028125 0.037500
0 0.575000 0.083333 0.040625 0.054167
0 0.578125 0.200000 0.025000 0.033333
0 0.650000 0.139583 0.025000 0.033333
0 0.642188 0.208333 0.025000 0.033333
0 0.618750 0.568750 0.031250 0.041667
0 0.617188 0.706250 0.034375 0.045833
0 0.679688 0.637500 0.025000 0.033333
0 0.684375 0.697917 0.025000 0.033333
0 0.165625 0.593750 0.040625 0.054167
0 0.170313 0.716667 0.028125 0.037500
0 0.237500 0.597917 0.028125 0.037500
0 0.232813 0.656250 0.037500 0.050000