0 0.726562 0.464583 0.028125 0.037500
0 0.793750 0.512500 0.034375 0.045833
0 0.467187 0.391667 0.037500 0.050000
0 0.521875 0.331250 0.034375 0.045833
0 0.525000 0.393750 0.025000 0.033333
0 0.753125 0.550000 0.034375 0.045833
0 0.751563 0.675000 0.025000 0.033333
0 0.820312 0.543750 0.040625 0.054167
0 0.745313 0.522917 0.037500 0.050000
0 0.798438 0.458333 0.040625 0.054167
0 0.795312 0.514583 0.025000 0.033333
0 0.810937 0.720833 0.025000 0.033333
0 0.807813 0.837500 0.025000 0.033333
0 0.870313 0.712500 0.037500 0.050000
0 0.870313 0.779167 0.040625 0.054167
0 0.723437 0.716667 0.025000 0.033333
0 0.726562 0.777083 0.031250 0.041667
0 0.734375 0.831250 0.040625 0.054167
0 0.503125 0.758333 0.031250 0.041667
0 0.500000 0.822917 0.037500 0.050000
0 0.506250 0.881250 0.040625 0.054167
0 0.759375 0.414583 0.031250 0.041667
0 0.762500 0.550000 0.040625 0.054167
0 0.826562 0.412500 0.031250 0.041667
0 0.829688 0.477083 0.028125 0.037500