0 0.837500 0.439583 0.037500 0.050000
0 0.832812 0.575000 0.028125 0.037500
0 0.892188 0.441667 0.031250 0.041667
0 0.642188 0.150000 0.037500 0.050000
0 0.504687 0.320833 0.031250 0.041667
0 0.506250 0.437500 0.028125 0.037500
0 0.571875 0.381250 0.028125 0.037500
0 0.567187 0.437500 0.040625 0.054167
0 0.735938 0.683333 0.031250 0.041667
0 0.739062 0.802083 0.037500 0.050000
0 0.804688 0.681250 0.028125 0.037500
0 0.685937 0.131250 0.031250 0.041667
0 0.460938 0.129167 0.040625 0.054167
0 0.117188 0.214583 0.031250 0.041667
0 0.115625 0.268750 0.034375 0.045833
0 0.120313 0.333333 0.025000 0.033333
0 0.185938 0.216667 0.025000 0.033333
0 0.187500 0.272917 0.034375 0.045833
0 0.851562 0.375000 0.037500 0.050000
0 0.853125 0.508333 0.025000 0.033333