0 0.053125 0.772917 0.040625 0.054167
0 0.051562 0.837500 0.040625 0.054167
0 0.053125 0.897917 0.031250 0.041667
0 0.575000 0.402083 0.025000 0.033333
0 0.635938 0.466667 0.025000 0.033333
0 0.523438 0.358333 0.025000 0.033333
0 0.589063 0.420833 0.025000 0.033333
0 0.381250 0.645833 0.025000 0.033333
0 0.371875 0.700000 0.031250 0.041667
0 0.376563 0.754167 0.028125 0.037500
0 0.445312 0.629167 0.025000 0.033333
0 0.440625 0.697917 0.028125 0.037500
0 0.178125 0.345833 0.028125 0.037500
0 0.245312 0.354167 0.034375 0.045833
0 0.243750 0.414583 0.025000 0.033333
0 0.721875 0.589583 0.025000 0.033333
0 0.717187 0.647917 0.037500 0.050000
0 0.720313 0.704167 0.037500 0.050000
0 0.103125 0.120833 0.028125 0.037500
0 0.107813 0.193750 0.040625 0.054167
0 0.157812 0.066667 0.025000 0.033333
0 0.157812 0.131250 0.037500 0.050000