0 0.807813 0.333333 0.040625 0.054167
0 0.798438 0.658333 0.037500 0.050000
0 0.798438 0.714583 0.040625 0.054167
0 0.803125 0.779167 0.028125 0.037500
0 0.856250 0.781250 0.034375 0.045833
0 0.332813 0.622917 0.028125 0.037500
0 0.335938 0.691667 0.034375 0.045833
0 0.337500 0.745833 0.037500 0.050000
0 0.395313 0.743750 0.034375 0.045833
0 0.792188 0.347917 0.040625 0.054167
0 0.853125 0.289583 0.028125 0.037500
0 0.850000 0.360417 0.031250 0.041667
0 0.845313 0.412500 0.025000 0.033333
0 0.853125 0.325000 0.040625 0.054167
0 0.856250 0.389583 0.025000 0.033333
0 0.854688 0.452083 0.040625 0.054167
0 0.920312 0.458333 0.034375 0.045833
0 0.306250 0.597917 0.028125 0.037500
0 0.295312 0.652083 0.034375 0.045833
0 0.293750 0.716667 0.031250 0.041667
0 0.367188 0.718750 0.031250 0.041667
0 0.132812 0.347917 0.040625 0.054167
0 0.125000 0.410417 0.040625 0.054167
0 0.132812 0.464583 0.040625 0.054167
0 0.195312 0.468750 0.034375 0.045833
0 0.503125 0.085417 0.037500 0.050000
0 0.306250 0.131250 0.034375 0.045833
0 0.307812 0.256250 0.034375 0.045833
0 0.371875 0.137500 0.037500 0.050000
0 0.221875 0.356250 0.037500 0.050000
0 0.293750 0.422917 0.028125 0.037500