0 0.078125 0.612500 0.028125 0.037500
0 0.070312 0.687500 0.031250 0.041667
0 0.071875 0.741667 0.040625 0.054167
0 0.137500 0.679167 0.037500 0.050000
0 0.101562 0.243750 0.040625 0.054167
0 0.164062 0.177083 0.025000 0.033333
0 0.507812 0.637500 0.040625 0.054167
0 0.559375 0.641667 0.040625 0.054167
0 0.571875 0.706250 0.025000 0.033333
0 0.617188 0.585417 0.025000 0.033333
0 0.682813 0.579167 0.034375 0.045833
0 0.685937 0.643750 0.025000 0.033333
0 0.581250 0.158333 0.037500 0.050000
0 0.579688 0.229167 0.025000 0.033333
0 0.646875 0.172917 0.037500 0.050000
0 0.650000 0.235417 0.031250 0.041667
0 0.393750 0.241667 0.028125 0.037500
0 0.400000 0.295833 0.040625 0.054167
0 0.396875 0.368750 0.031250 0.041667
0 0.454688 0.295833 0.037500 0.050000
0 0.167187 0.068750 0.031250 0.041667
0 0.168750 0.141667 0.040625 0.054167
0 0.171875 0.193750 0.034375 0.045833
0 0.225000 0.133333 0.031250 0.041667
0 0.368750 0.720833 0.025000 0.033333
0 0.428125 0.710417 0.028125 0.037500
0 0.428125 0.770833 0.025000 0.033333
0 0.468750 0.368750 0.034375 0.045833
0 0.468750 0.422917 0.040625 0.054167
0 0.528125 0.356250 0.031250 0.041667
0 0.526563 0.418750 0.028125 0.037500