0 0.628125 0.543750 0.028125 0.037500
0 0.690625 0.477083 0.028125 0.037500
0 0.696875 0.543750 0.031250 0.041667
0 0.212500 0.712500 0.040625 0.054167
0 0.204687 0.845833 0.040625 0.054167
0 0.270313 0.727083 0.028125 0.037500
0 0.265625 0.843750 0.040625 0.054167
0 0.748437 0.425000 0.028125 0.037500
0 0.737500 0.539583 0.028125 0.037500
0 0.801562 0.552083 0.040625 0.054167
0 0.521875 0.122917 0.037500 0.050000
0 0.514062 0.241667 0.025000 0.033333
0 0.331250 0.408333 0.031250 0.041667
0 0.331250 0.537500 0.025000 0.033333
0 0.395313 0.545833 0.031250 0.041667
0 0.576562 0.766667 0.034375 0.045833
0 0.584375 0.814583 0.040625 0.054167
0 0.646875 0.702083 0.040625 0.054167
0 0.645312 0.758333 0.025000 0.033333
0 0.403125 0.212500 0.025000 0.033333
0 0.398438 0.275000 0.025000 0.033333
0 0.465625 0.141667 0.028125 0.037500
0 0.465625 0.204167 0.025000 0.033333
0 0.493750 0.262500 0.037500 0.050000
0 0.557813 0.200000 0.028125 0.037500
0 0.559375 0.262500 0.037500 0.050000
0 0.654687 0.687500 0.028125 0.037500
0 0.710938 0.691667 0.037500 0.050000
0 0.718750 0.747917 0.037500 0.050000
0 0.114062 0.491667 0.034375 0.045833
0 0.107813 0.606250 0.028125 0.037500