0 0.506250 0.137500 0.037500 0.050000
0 0.504687 0.197917 0.031250 0.041667
0 0.570312 0.141667 0.031250 0.041667
0 0.565625 0.195833 0.037500 0.050000
0 0.350000 0.487500 0.034375 0.045833
0 0.346875 0.560417 0.040625 0.054167
0 0.406250 0.497917 0.034375 0.045833
0 0.404687 0.560417 0.031250 0.041667
0 0.442188 0.370833 0.025000 0.033333
0 0.437500 0.439583 0.025000 0.033333
0 0.434375 0.508333 0.037500 0.050000
0 0.501563 0.441667 0.034375 0.045833
0 0.578125 0.512500 0.040625 0.054167
0 0.648438 0.522917 0.031250 0.041667
0 0.639062 0.577083 0.037500 0.050000
0 0.157812 0.483333 0.034375 0.045833
0 0.159375 0.552083 0.034375 0.045833
0 0.165625 0.614583 0.025000 0.033333
0 0.228125 0.550000 0.028125 0.037500
0 0.129688 0.654167 0.031250 0.041667
0 0.187500 0.639583 0.031250 0.041667
0 0.195312 0.716667 0.040625 0.054167
0 0.537500 0.131250 0.031250 0.041667
0 0.532813 0.272917 0.025000 0.033333
0 0.598437 0.141667 0.028125 0.037500
0 0.607812 0.260417 0.034375 0.045833