0 0.451562 0.412500 0.034375 0.045833
0 0.460938 0.481250 0.025000 0.033333
0 0.525000 0.406250 0.028125 0.037500
0 0.417187 0.608333 0.040625 0.054167
0 0.415625 0.664583 0.040625 0.054167
0 0.471875 0.612500 0.025000 0.033333
0 0.426563 0.541667 0.028125 0.037500
0 0.421875 0.614583 0.040625 0.054167
0 0.487500 0.618750 0.040625 0.054167
0 0.421875 0.256250 0.040625 0.054167
0 0.428125 0.329167 0.025000 0.033333
0 0.434375 0.387500 0.028125 0.037500
0 0.490625 0.254167 0.025000 0.033333
0 0.495312 0.327083 0.025000 0.033333
0 0.198437 0.179167 0.025000 0.033333
0 0.264062 0.120833 0.034375 0.045833
0 0.260937 0.172917 0.040625 0.054167