0 0.245312 0.750000 0.031250 0.041667
0 0.246875 0.804167 0.028125 0.037500
0 0.554688 0.093750 0.034375 0.045833
0 0.543750 0.216667 0.037500 0.050000
0 0.609375 0.141667 0.025000 0.033333
0 0.612500 0.218750 0.040625 0.054167
0 0.237500 0.543750 0.034375 0.045833
0 0.231250 0.604167 0.025000 0.033333
0 0.234375 0.658333 0.031250 0.041667
0 0.289062 0.529167 0.040625 0.054167
0 0.618750 0.083333 0.040625 0.054167
0 0.612500 0.143750 0.031250 0.041667
0 0.678125 0.087500 0.025000 0.033333
0 0.673438 0.141667 0.034375 0.045833
0 0.201563 0.083333 0.031250 0.041667
0 0.210938 0.204167 0.025000 0.033333
0 0.267188 0.158333 0.028125 0.037500
0 0.600000 0.181250 0.031250 0.041667
0 0.606250 0.245833 0.025000 0.033333
0 0.601562 0.310417 0.034375 0.045833
0 0.668750 0.254167 0.031250 0.041667
0 0.103125 0.185417 0.031250 0.041667
0 0.104688 0.302083 0.025000 0.033333
0 0.167187 0.237500 0.040625 0.054167
0 0.154688 0.306250 0.040625 0.054167
0 0.079687 0.383333 0.037500 0.050000
0 0.087500 0.508333 0.037500 0.050000
0 0.140625 0.445833 0.034375 0.045833
0 0.139063 0.508333 0.037500 0.050000
0 0.368750 0.718750 0.037500 0.050000
0 0.367188 0.779167 0.037500 0.050000
0 0.367188 0.843750 0.028125 0.037500
0 0.432812 0.710417 0.031250 0.041667