0 0.628125 0.762500 0.034375 0.045833
0 0.293750 0.125000 0.028125 0.037500
0 0.303125 0.172917 0.034375 0.045833
0 0.300000 0.239583 0.031250 0.041667
0 0.365625 0.118750 0.025000 0.033333
0 0.364063 0.179167 0.025000 0.033333
0 0.685937 0.747917 0.028125 0.037500
0 0.685937 0.812500 0.034375 0.045833
0 0.748437 0.700000 0.037500 0.050000
0 0.742188 0.760417 0.037500 0.050000
0 0.312500 0.295833 0.031250 0.041667
0 0.310937 0.354167 0.031250 0.041667
0 0.312500 0.408333 0.034375 0.045833
0 0.368750 0.291667 0.031250 0.041667
0 0.379688 0.358333 0.028125 0.037500
0 0.526563 0.656250 0.025000 0.033333
0 0.581250 0.581250 0.037500 0.050000
0 0.592187 0.639583 0.040625 0.054167