0 0.509375 0.760417 0.034375 0.045833
0 0.567187 0.693750 0.034375 0.045833
0 0.573438 0.747917 0.031250 0.041667
0 0.575000 0.810417 0.031250 0.041667
0 0.325000 0.525000 0.028125 0.037500
0 0.326562 0.589583 0.040625 0.054167
0 0.317188 0.652083 0.040625 0.054167
0 0.392188 0.641667 0.028125 0.037500
0 0.284375 0.752083 0.031250 0.041667
0 0.290625 0.827083 0.037500 0.050000
0 0.285938 0.877083 0.025000 0.033333
0 0.345313 0.750000 0.031250 0.041667
0 0.342187 0.812500 0.034375 0.045833
0 0.559375 0.310417 0.034375 0.045833
0 0.557813 0.375000 0.034375 0.045833
0 0.617188 0.379167 0.025000 0.033333
0 0.593750 0.662500 0.037500 0.050000
0 0.585938 0.741667 0.040625 0.054167
0 0.584375 0.787500 0.034375 0.045833
0 0.654687 0.793750 0.037500 0.050000
0 0.850000 0.739583 0.025000 0.033333
0 0.848437 0.806250 0.034375 0.045833
0 0.846875 0.872917 0.025000 0.033333
0 0.915625 0.747917 0.031250 0.041667
0 0.909375 0.808333 0.037500 0.050000
0 0.256250 0.322917 0.040625 0.054167
0 0.318750 0.266667 0.034375 0.045833
0 0.315625 0.329167 0.037500 0.050000
0 0.309375 0.397917 0.025000 0.033333