0 0.298438 0.483333 0.037500 0.050000
0 0.304688 0.547917 0.028125 0.037500
0 0.295312 0.608333 0.028125 0.037500
0 0.368750 0.477083 0.034375 0.045833
0 0.357812 0.545833 0.031250 0.041667
0 0.650000 0.616667 0.025000 0.033333
0 0.659375 0.687500 0.040625 0.054167
0 0.653125 0.750000 0.040625 0.054167
0 0.715625 0.629167 0.025000 0.033333
0 0.712500 0.685417 0.025000 0.033333
0 0.082812 0.564583 0.037500 0.050000
0 0.151562 0.508333 0.037500 0.050000
0 0.154688 0.556250 0.040625 0.054167
0 0.150000 0.629167 0.028125 0.037500
0 0.815625 0.768750 0.037500 0.050000
0 0.820312 0.891667 0.028125 0.037500
0 0.876563 0.827083 0.031250 0.041667