0 0.854688 0.608333 0.040625 0.054167
0 0.850000 0.733333 0.040625 0.054167
0 0.914062 0.606250 0.025000 0.033333
0 0.910937 0.716667 0.034375 0.045833
0 0.139063 0.266667 0.040625 0.054167
0 0.206250 0.202083 0.037500 0.050000
0 0.740625 0.158333 0.040625 0.054167
0 0.739062 0.283333 0.034375 0.045833
0 0.800000 0.162500 0.031250 0.041667
0 0.798438 0.291667 0.037500 0.050000
0 0.651563 0.720833 0.025000 0.033333
0 0.659375 0.835417 0.031250 0.041667
0 0.715625 0.718750 0.034375 0.045833
0 0.714063 0.841667 0.040625 0.054167
0 0.265625 0.218750 0.040625 0.054167
0 0.276562 0.343750 0.037500 0.050000
0 0.334375 0.218750 0.040625 0.054167
0 0.332813 0.350000 0.040625 0.054167
0 0.829688 0.210417 0.034375 0.045833
0 0.834375 0.347917 0.037500 0.050000
0 0.889062 0.208333 0.034375 0.045833
0 0.893750 0.285417 0.028125 0.037500