0 0.579688 0.614583 0.037500 0.050000
0 0.576562 0.670833 0.037500 0.050000
0 0.582812 0.741667 0.037500 0.050000
0 0.648438 0.616667 0.031250 0.041667
0 0.640625 0.683333 0.028125 0.037500
0 0.612500 0.410417 0.031250 0.041667
0 0.614062 0.535417 0.031250 0.041667
0 0.670312 0.412500 0.034375 0.045833
0 0.675000 0.468750 0.031250 0.041667
0 0.676562 0.547917 0.025000 0.033333
0 0.303125 0.564583 0.034375 0.045833
0 0.306250 0.625000 0.031250 0.041667
0 0.306250 0.689583 0.025000 0.033333
0 0.370312 0.689583 0.037500 0.050000