0 0.059375 0.529167 0.040625 0.054167
0 0.064062 0.579167 0.034375 0.045833
0 0.059375 0.652083 0.034375 0.045833
0 0.401562 0.458333 0.028125 0.037500
0 0.396875 0.522917 0.034375 0.045833
0 0.465625 0.518750 0.034375 0.045833
0 0.682813 0.458333 0.028125 0.037500
0 0.684375 0.527083 0.037500 0.050000
0 0.740625 0.527083 0.025000 0.033333
0 0.070312 0.412500 0.028125 0.037500
0 0.068750 0.462500 0.031250 0.041667
0 0.073438 0.537500 0.028125 0.037500
0 0.529687 0.408333 0.028125 0.037500
0 0.534375 0.466667 0.040625 0.054167
0 0.535937 0.527083 0.034375 0.045833
0 0.371875 0.452083 0.037500 0.050000
0 0.439063 0.443750 0.037500 0.050000
0 0.450000 0.277083 0.034375 0.045833
0 0.446875 0.337500 0.031250 0.041667
0 0.451562 0.406250 0.040625 0.054167
0 0.515625 0.395833 0.034375 0.045833