0 0.521875 0.393750 0.025000 0.033333
0 0.529687 0.522917 0.034375 0.045833
0 0.579688 0.518750 0.040625 0.054167
0 0.345313 0.595833 0.040625 0.054167
0 0.339062 0.656250 0.034375 0.045833
0 0.404687 0.602083 0.028125 0.037500
0 0.568750 0.208333 0.028125 0.037500
0 0.564063 0.272917 0.031250 0.041667
0 0.628125 0.150000 0.025000 0.033333
0 0.631250 0.218750 0.037500 0.050000
0 0.706250 0.443750 0.025000 0.033333
0 0.771875 0.375000 0.040625 0.054167
0 0.285938 0.445833 0.037500 0.050000
0 0.357812 0.377083 0.040625 0.054167
0 0.806250 0.350000 0.040625 0.054167
0 0.759375 0.316667 0.034375 0.045833
0 0.767188 0.439583 0.037500 0.050000
0 0.818750 0.437500 0.025000 0.033333
0 0.493750 0.479167 0.034375 0.045833
0 0.559375 0.427083 0.025000 0.033333
0 0.240625 0.339583 0.034375 0.045833
0 0.298438 0.285417 0.037500 0.050000