0 0.432812 0.650000 0.037500 0.050000
0 0.496875 0.643750 0.031250 0.041667
0 0.500000 0.708333 0.034375 0.045833
0 0.693750 0.225000 0.031250 0.041667
0 0.757812 0.177083 0.034375 0.045833
0 0.756250 0.237500 0.037500 0.050000
0 0.493750 0.743750 0.037500 0.050000
0 0.484375 0.812500 0.037500 0.050000
0 0.484375 0.872917 0.028125 0.037500
0 0.553125 0.745833 0.031250 0.041667
0 0.548438 0.804167 0.028125 0.037500
0 0.529687 0.377083 0.028125 0.037500
0 0.531250 0.514583 0.037500 0.050000
0 0.593750 0.502083 0.040625 0.054167
0 0.410938 0.637500 0.034375 0.045833
0 0.421875 0.716667 0.025000 0.033333
0 0.414062 0.779167 0.034375 0.045833
0 0.476562 0.654167 0.034375 0.045833
0 0.484375 0.704167 0.037500 0.050000
0 0.570312 0.622917 0.028125 0.037500
0 0.623437 0.625000 0.031250 0.041667
0 0.620313 0.689583 0.028125 0.037500
0 0.842187 0.591667 0.034375 0.045833
0 0.846875 0.712500 0.040625 0.054167
0 0.301563 0.339583 0.034375 0.045833
0 0.362500 0.341667 0.031250 0.041667
0 0.365625 0.400000 0.025000 0.033333
0 0.446875 0.479167 0.040625 0.054167
0 0.442188 0.554167 0.034375 0.045833
0 0.512500 0.422917 0.040625 0.054167
0 0.517188 0.483333 0.028125 0.037500
0 0.725000 0.118750 0.028125 0.037500
0 0.775000 0.114583 0.028125 0.037500
0 0.775000 0.175000 0.040625 0.054167