0 0.862500 0.204167 0.025000 0.033333
0 0.862500 0.264583 0.040625 0.054167
0 0.921875 0.135417 0.031250 0.041667
0 0.237500 0.431250 0.034375 0.045833
0 0.245312 0.570833 0.031250 0.041667
0 0.312500 0.431250 0.040625 0.054167
0 0.715625 0.435417 0.028125 0.037500
0 0.718750 0.500000 0.040625 0.054167
0 0.715625 0.560417 0.025000 0.033333
0 0.775000 0.562500 0.025000 0.033333
0 0.065625 0.272917 0.025000 0.033333
0 0.073438 0.335417 0.031250 0.041667
0 0.075000 0.389583 0.031250 0.041667
0 0.132812 0.402083 0.034375 0.045833
0 0.543750 0.520833 0.034375 0.045833
0 0.534375 0.652083 0.037500 0.050000
0 0.600000 0.518750 0.040625 0.054167