0 0.704688 0.243750 0.034375 0.045833
0 0.210938 0.547917 0.031250 0.041667
0 0.264062 0.491667 0.025000 0.033333
0 0.268750 0.564583 0.025000 0.033333
0 0.540625 0.425000 0.031250 0.041667
0 0.225000 0.693750 0.031250 0.041667
0 0.225000 0.206250 0.028125 0.037500
0 0.289062 0.152083 0.037500 0.050000
0 0.298438 0.210417 0.040625 0.054167
0 0.845313 0.241667 0.028125 0.037500
0 0.851562 0.375000 0.025000 0.033333
0 0.907813 0.243750 0.034375 0.045833
0 0.915625 0.310417 0.040625 0.054167
0 0.367188 0.537500 0.034375 0.045833
0 0.367188 0.666667 0.031250 0.041667
0 0.425000 0.529167 0.037500 0.050000
0 0.418750 0.658333 0.037500 0.050000
0 0.565625 0.445833 0.034375 0.045833