0 0.415625 0.525000 0.031250 0.041667
0 0.415625 0.654167 0.034375 0.045833
0 0.475000 0.522917 0.034375 0.045833
0 0.479687 0.597917 0.028125 0.037500
0 0.473438 0.647917 0.040625 0.054167
0 0.159375 0.370833 0.031250 0.041667
0 0.759375 0.412500 0.025000 0.033333
0 0.765625 0.539583 0.028125 0.037500
0 0.823438 0.404167 0.037500 0.050000
0 0.815625 0.470833 0.034375 0.045833
0 0.306250 0.539583 0.037500 0.050000
0 0.317188 0.668750 0.028125 0.037500
0 0.367188 0.531250 0.025000 0.033333
0 0.375000 0.666667 0.034375 0.045833