0 0.114062 0.487500 0.031250 0.041667
0 0.107813 0.564583 0.034375 0.045833
0 0.789062 0.520833 0.028125 0.037500
0 0.793750 0.581250 0.037500 0.050000
0 0.784375 0.645833 0.040625 0.054167
0 0.764062 0.468750 0.028125 0.037500
0 0.757812 0.522917 0.037500 0.050000
0 0.417187 0.320833 0.025000 0.033333
0 0.407813 0.383333 0.028125 0.037500
0 0.475000 0.260417 0.025000 0.033333
0 0.479687 0.333333 0.028125 0.037500
0 0.335938 0.285417 0.025000 0.033333
0 0.337500 0.425000 0.040625 0.054167
0 0.396875 0.422917 0.037500 0.050000
0 0.607812 0.687500 0.040625 0.054167
0 0.615625 0.756250 0.034375 0.045833
0 0.678125 0.633333 0.040625 0.054167
0 0.682813 0.702083 0.025000 0.033333
0 0.787500 0.060417 0.034375 0.045833
0 0.793750 0.133333 0.037500 0.050000
0 0.795312 0.200000 0.034375 0.045833