0 0.515625 0.220833 0.028125 0.037500
0 0.514062 0.275000 0.040625 0.054167
0 0.504687 0.333333 0.034375 0.045833
0 0.575000 0.212500 0.031250 0.041667
0 0.576562 0.272917 0.028125 0.037500
0 0.604688 0.120833 0.040625 0.054167
0 0.607812 0.247917 0.040625 0.054167
0 0.670312 0.254167 0.028125 0.037500
0 0.542188 0.412500 0.037500 0.050000
0 0.545312 0.460417 0.040625 0.054167
0 0.553125 0.535417 0.028125 0.037500
0 0.612500 0.400000 0.040625 0.054167
0 0.348438 0.745833 0.034375 0.045833
0 0.423438 0.737500 0.031250 0.041667
0 0.418750 0.802083 0.037500 0.050000
0 0.095312 0.118750 0.037500 0.050000
0 0.087500 0.189583 0.028125 0.037500
0 0.153125 0.064583 0.028125 0.037500
0 0.156250 0.116667 0.037500 0.050000
0 0.420312 0.497917 0.028125 0.037500
0 0.414062 0.618750 0.034375 0.045833
0 0.478125 0.622917 0.040625 0.054167
0 0.598437 0.477083 0.025000 0.033333
0 0.590625 0.539583 0.037500 0.050000
0 0.660937 0.420833 0.037500 0.050000
0 0.660937 0.475000 0.025000 0.033333