0 0.346875 0.283333 0.025000 0.033333
0 0.351562 0.414583 0.031250 0.041667
0 0.414062 0.408333 0.031250 0.041667
0 0.625000 0.697917 0.034375 0.045833
0 0.628125 0.764583 0.028125 0.037500
0 0.629687 0.820833 0.037500 0.050000
0 0.690625 0.818750 0.034375 0.045833
0 0.828125 0.304167 0.034375 0.045833
0 0.818750 0.427083 0.028125 0.037500
0 0.887500 0.372917 0.040625 0.054167
0 0.878125 0.431250 0.034375 0.045833
0 0.704688 0.760417 0.037500 0.050000
0 0.698438 0.875000 0.040625 0.054167
0 0.759375 0.760417 0.028125 0.037500
0 0.765625 0.816667 0.028125 0.037500
0 0.153125 0.452083 0.034375 0.045833
0 0.148438 0.587500 0.034375 0.045833
0 0.215625 0.525000 0.031250 0.041667
0 0.217188 0.585417 0.040625 0.054167
0 0.828125 0.606250 0.031250 0.041667
0 0.829688 0.664583 0.034375 0.045833
0 0.823438 0.741667 0.031250 0.041667
0 0.887500 0.731250 0.028125 0.037500
0 0.707812 0.222917 0.031250 0.041667
0 0.715625 0.300000 0.031250 0.041667
0 0.714063 0.350000 0.031250 0.041667
0 0.773438 0.350000 0.040625 0.054167
0 0.831250 0.352083 0.034375 0.045833
0 0.829688 0.487500 0.028125 0.037500
0 0.901563 0.475000 0.028125 0.037500
0 0.784375 0.627083 0.031250 0.041667
0 0.792188 0.752083 0.031250 0.041667
0 0.846875 0.633333 0.025000 0.033333
0 0.045312 0.585417 0.040625 0.054167
0 0.045312 0.647917 0.034375 0.045833
0 0.040625 0.716667 0.037500 0.050000
0 0.109375 0.718750 0.028125 0.037500