0 0.787500 0.714583 0.031250 0.041667
0 0.779687 0.843750 0.031250 0.041667
0 0.346875 0.660417 0.037500 0.050000
0 0.410938 0.718750 0.037500 0.050000
0 0.101562 0.404167 0.037500 0.050000
0 0.167187 0.410417 0.040625 0.054167
0 0.165625 0.475000 0.025000 0.033333
0 0.114062 0.579167 0.028125 0.037500
0 0.176563 0.643750 0.040625 0.054167
0 0.768750 0.595833 0.037500 0.050000
0 0.773438 0.708333 0.034375 0.045833
0 0.370312 0.145833 0.037500 0.050000
0 0.367188 0.208333 0.037500 0.050000
0 0.434375 0.218750 0.025000 0.033333
0 0.534375 0.652083 0.034375 0.045833
0 0.528125 0.772917 0.037500 0.050000
0 0.593750 0.777083 0.025000 0.033333
0 0.631250 0.387500 0.040625 0.054167
0 0.681250 0.389583 0.028125 0.037500
0 0.689063 0.452083 0.034375 0.045833