0 0.198437 0.722917 0.031250 0.041667
0 0.254688 0.664583 0.037500 0.050000
0 0.598437 0.712500 0.040625 0.054167
0 0.590625 0.777083 0.037500 0.050000
0 0.393750 0.131250 0.031250 0.041667
0 0.464062 0.064583 0.037500 0.050000
0 0.454688 0.122917 0.040625 0.054167
0 0.462500 0.193750 0.037500 0.050000
0 0.434375 0.672917 0.037500 0.050000
0 0.496875 0.600000 0.028125 0.037500
0 0.145313 0.310417 0.025000 0.033333
0 0.145313 0.375000 0.025000 0.033333
0 0.200000 0.247917 0.034375 0.045833
0 0.207813 0.306250 0.031250 0.041667
0 0.254688 0.735417 0.037500 0.050000
0 0.260937 0.793750 0.028125 0.037500
0 0.064062 0.289583 0.037500 0.050000
0 0.129688 0.235417 0.037500 0.050000
0 0.121875 0.297917 0.034375 0.045833
0 0.121875 0.358333 0.025000 0.033333
0 0.357812 0.768750 0.037500 0.050000
0 0.367188 0.825000 0.037500 0.050000
0 0.431250 0.706250 0.025000 0.033333
0 0.426563 0.770833 0.031250 0.041667