0 0.773438 0.110417 0.034375 0.045833
0 0.765625 0.177083 0.025000 0.033333
0 0.823438 0.168750 0.028125 0.037500
0 0.768750 0.685417 0.037500 0.050000
0 0.773438 0.754167 0.040625 0.054167
0 0.829688 0.754167 0.040625 0.054167
0 0.115625 0.325000 0.034375 0.045833
0 0.107813 0.462500 0.025000 0.033333
0 0.182812 0.333333 0.034375 0.045833
0 0.082812 0.591667 0.037500 0.050000
0 0.085938 0.714583 0.037500 0.050000
0 0.145313 0.597917 0.028125 0.037500
0 0.531250 0.291667 0.028125 0.037500
0 0.592187 0.229167 0.025000 0.033333
0 0.595313 0.304167 0.028125 0.037500
0 0.431250 0.270833 0.040625 0.054167
0 0.442188 0.345833 0.031250 0.041667
0 0.439063 0.402083 0.031250 0.041667