0 0.592187 0.310417 0.037500 0.050000
0 0.592187 0.435417 0.025000 0.033333
0 0.653125 0.308333 0.028125 0.037500
0 0.679688 0.083333 0.028125 0.037500
0 0.676562 0.150000 0.034375 0.045833
0 0.671875 0.202083 0.034375 0.045833
0 0.734375 0.087500 0.037500 0.050000
0 0.743750 0.139583 0.028125 0.037500
0 0.662500 0.737500 0.040625 0.054167
0 0.660937 0.862500 0.034375 0.045833
0 0.732812 0.741667 0.028125 0.037500
0 0.729688 0.864583 0.034375 0.045833
0 0.585938 0.368750 0.034375 0.045833
0 0.645312 0.318750 0.034375 0.045833
0 0.648438 0.377083 0.028125 0.037500
0 0.818750 0.450000 0.028125 0.037500
0 0.814063 0.577083 0.034375 0.045833
0 0.875000 0.450000 0.037500 0.050000
0 0.217188 0.737500 0.034375 0.045833
0 0.278125 0.675000 0.025000 0.033333
0 0.285938 0.741667 0.037500 0.050000
0 0.357812 0.256250 0.025000 0.033333
0 0.346875 0.383333 0.031250 0.041667
0 0.418750 0.252083 0.037500 0.050000