0 0.195312 0.397917 0.037500 0.050000
0 0.189062 0.450000 0.034375 0.045833
0 0.253125 0.395833 0.028125 0.037500
0 0.600000 0.583333 0.028125 0.037500
0 0.604688 0.643750 0.040625 0.054167
0 0.600000 0.700000 0.034375 0.045833
0 0.662500 0.583333 0.034375 0.045833
0 0.670312 0.643750 0.037500 0.050000
0 0.057813 0.333333 0.025000 0.033333
0 0.057813 0.402083 0.034375 0.045833
0 0.117188 0.335417 0.028125 0.037500
0 0.678125 0.260417 0.034375 0.045833
0 0.678125 0.306250 0.037500 0.050000
0 0.737500 0.258333 0.040625 0.054167
0 0.775000 0.193750 0.031250 0.041667
0 0.776563 0.314583 0.028125 0.037500
0 0.554688 0.427083 0.031250 0.041667
0 0.553125 0.560417 0.037500 0.050000
0 0.789062 0.166667 0.028125 0.037500
0 0.795312 0.222917 0.031250 0.041667
0 0.848437 0.168750 0.025000 0.033333
0 0.765625 0.375000 0.040625 0.054167
0 0.765625 0.447917 0.031250 0.041667
0 0.768750 0.500000 0.028125 0.037500
0 0.834375 0.383333 0.031250 0.041667
0 0.828125 0.439583 0.037500 0.050000
0 0.401562 0.366667 0.037500 0.050000
0 0.406250 0.422917 0.037500 0.050000
0 0.476562 0.360417 0.031250 0.041667