0 0.496875 0.437500 0.037500 0.050000
0 0.564063 0.431250 0.040625 0.054167
0 0.554688 0.495833 0.034375 0.045833
0 0.139063 0.718750 0.031250 0.041667
0 0.203125 0.731250 0.025000 0.033333
0 0.560937 0.158333 0.040625 0.054167
0 0.612500 0.154167 0.031250 0.041667
0 0.084375 0.700000 0.028125 0.037500
0 0.085938 0.816667 0.034375 0.045833
0 0.143750 0.702083 0.040625 0.054167
0 0.146875 0.829167 0.040625 0.054167
0 0.781250 0.716667 0.034375 0.045833
0 0.840625 0.729167 0.031250 0.041667
0 0.840625 0.779167 0.037500 0.050000
0 0.259375 0.412500 0.037500 0.050000
0 0.326562 0.400000 0.028125 0.037500
0 0.320312 0.462500 0.034375 0.045833
0 0.804688 0.272917 0.037500 0.050000
0 0.801562 0.412500 0.031250 0.041667
0 0.867188 0.337500 0.025000 0.033333
0 0.873437 0.404167 0.040625 0.054167
0 0.079687 0.745833 0.040625 0.054167
0 0.079687 0.806250 0.025000 0.033333
0 0.148438 0.758333 0.028125 0.037500
0 0.148438 0.820833 0.040625 0.054167
0 0.800000 0.535417 0.040625 0.054167
0 0.796875 0.647917 0.025000 0.033333
0 0.867188 0.525000 0.040625 0.054167
0 0.867188 0.581250 0.037500 0.050000
0 0.859375 0.656250 0.028125 0.037500