0 0.570312 0.568750 0.037500 0.050000
0 0.570312 0.700000 0.028125 0.037500
0 0.632812 0.583333 0.034375 0.045833
0 0.628125 0.633333 0.040625 0.054167
0 0.046875 0.185417 0.028125 0.037500
0 0.059375 0.308333 0.034375 0.045833
0 0.117188 0.183333 0.031250 0.041667
0 0.109375 0.245833 0.037500 0.050000
0 0.367188 0.272917 0.037500 0.050000
0 0.428125 0.266667 0.034375 0.045833
0 0.420312 0.333333 0.031250 0.041667
0 0.554688 0.718750 0.028125 0.037500
0 0.550000 0.829167 0.037500 0.050000
0 0.609375 0.766667 0.040625 0.054167
0 0.617188 0.835417 0.037500 0.050000