0 0.218750 0.197917 0.040625 0.054167
0 0.218750 0.306250 0.040625 0.054167
0 0.282813 0.185417 0.031250 0.041667
0 0.468750 0.337500 0.034375 0.045833
0 0.462500 0.464583 0.037500 0.050000
0 0.529687 0.350000 0.040625 0.054167
0 0.079687 0.087500 0.034375 0.045833
0 0.071875 0.160417 0.025000 0.033333
0 0.135937 0.093750 0.028125 0.037500
0 0.132812 0.162500 0.031250 0.041667
0 0.148438 0.629167 0.025000 0.033333
0 0.140625 0.700000 0.037500 0.050000
0 0.207813 0.625000 0.028125 0.037500
0 0.209375 0.697917 0.037500 0.050000
0 0.312500 0.097917 0.034375 0.045833
0 0.310937 0.166667 0.034375 0.045833
0 0.317188 0.216667 0.040625 0.054167