0 0.717187 0.379167 0.025000 0.033333
0 0.728125 0.506250 0.025000 0.033333
0 0.784375 0.368750 0.025000 0.033333
0 0.789062 0.429167 0.025000 0.033333
0 0.695312 0.156250 0.037500 0.050000
0 0.703125 0.204167 0.031250 0.041667
0 0.760938 0.089583 0.040625 0.054167
0 0.737500 0.564583 0.037500 0.050000
0 0.801562 0.627083 0.028125 0.037500
0 0.703125 0.229167 0.028125 0.037500
0 0.765625 0.287500 0.034375 0.045833
0 0.171875 0.387500 0.031250 0.041667
0 0.179688 0.454167 0.025000 0.033333
0 0.232813 0.320833 0.040625 0.054167
0 0.735938 0.529167 0.025000 0.033333
0 0.253125 0.566667 0.040625 0.054167
0 0.253125 0.620833 0.037500 0.050000
0 0.309375 0.500000 0.025000 0.033333
0 0.859375 0.735417 0.034375 0.045833
0 0.920312 0.802083 0.028125 0.037500
0 0.270313 0.358333 0.031250 0.041667
0 0.270313 0.475000 0.025000 0.033333
0 0.329688 0.477083 0.025000 0.033333
0 0.087500 0.504167 0.028125 0.037500