0 0.784375 0.627083 0.028125 0.037500
0 0.840625 0.558333 0.028125 0.037500
0 0.840625 0.633333 0.037500 0.050000
0 0.860938 0.454167 0.028125 0.037500
0 0.928125 0.391667 0.025000 0.033333
0 0.925000 0.458333 0.031250 0.041667
0 0.225000 0.739583 0.037500 0.050000
0 0.221875 0.802083 0.025000 0.033333
0 0.282813 0.677083 0.028125 0.037500
0 0.592187 0.291667 0.034375 0.045833
0 0.643750 0.235417 0.031250 0.041667
0 0.646875 0.293750 0.037500 0.050000
0 0.210938 0.397917 0.025000 0.033333
0 0.215625 0.468750 0.037500 0.050000
0 0.279687 0.345833 0.028125 0.037500
0 0.590625 0.452083 0.025000 0.033333
0 0.654687 0.391667 0.031250 0.041667
0 0.659375 0.439583 0.025000 0.033333
0 0.204687 0.727083 0.037500 0.050000
0 0.195312 0.847917 0.025000 0.033333
0 0.270313 0.785417 0.028125 0.037500
0 0.270313 0.850000 0.037500 0.050000
0 0.485938 0.225000 0.040625 0.054167
0 0.478125 0.356250 0.025000 0.033333
0 0.539062 0.281250 0.034375 0.045833
0 0.540625 0.350000 0.034375 0.045833
0 0.857812 0.564583 0.037500 0.050000
0 0.857812 0.685417 0.025000 0.033333
0 0.912500 0.614583 0.025000 0.033333
0 0.921875 0.687500 0.034375 0.045833
0 0.192188 0.427083 0.037500 0.050000
0 0.265625 0.489583 0.034375 0.045833