0 0.418750 0.550000 0.040625 0.054167
0 0.425000 0.677083 0.037500 0.050000
0 0.475000 0.672917 0.028125 0.037500
0 0.573438 0.677083 0.037500 0.050000
0 0.571875 0.747917 0.031250 0.041667
0 0.568750 0.816667 0.037500 0.050000
0 0.850000 0.187500 0.028125 0.037500
0 0.846875 0.308333 0.025000 0.033333
0 0.909375 0.179167 0.028125 0.037500
0 0.912500 0.241667 0.025000 0.033333
0 0.912500 0.306250 0.034375 0.045833
0 0.570312 0.691667 0.040625 0.054167
0 0.571875 0.750000 0.025000 0.033333
0 0.570312 0.802083 0.025000 0.033333
0 0.456250 0.389583 0.025000 0.033333
0 0.450000 0.522917 0.034375 0.045833
0 0.518750 0.389583 0.040625 0.054167
0 0.106250 0.360417 0.037500 0.050000
0 0.176563 0.300000 0.031250 0.041667
0 0.590625 0.497917 0.025000 0.033333
0 0.590625 0.616667 0.040625 0.054167
0 0.656250 0.502083 0.040625 0.054167
0 0.659375 0.556250 0.028125 0.037500
0 0.662500 0.612500 0.031250 0.041667
0 0.192188 0.697917 0.037500 0.050000
0 0.245312 0.637500 0.034375 0.045833
0 0.525000 0.360417 0.025000 0.033333
0 0.600000 0.287500 0.040625 0.054167