0 0.434375 0.227083 0.031250 0.041667
0 0.437500 0.350000 0.034375 0.045833
0 0.496875 0.216667 0.040625 0.054167
0 0.501563 0.289583 0.034375 0.045833
0 0.357812 0.585417 0.037500 0.050000
0 0.367188 0.714583 0.028125 0.037500
0 0.431250 0.708333 0.040625 0.054167
0 0.710938 0.375000 0.028125 0.037500
0 0.707812 0.493750 0.037500 0.050000
0 0.765625 0.368750 0.028125 0.037500
0 0.764062 0.433333 0.025000 0.033333
0 0.179688 0.200000 0.037500 0.050000
0 0.182812 0.260417 0.025000 0.033333
0 0.239063 0.264583 0.028125 0.037500
0 0.442188 0.129167 0.037500 0.050000
0 0.450000 0.262500 0.031250 0.041667
0 0.506250 0.268750 0.025000 0.033333
0 0.598437 0.377083 0.034375 0.045833
0 0.596875 0.437500 0.025000 0.033333
0 0.587500 0.497917 0.034375 0.045833