0 0.670312 0.258333 0.025000 0.033333
0 0.665625 0.383333 0.037500 0.050000
0 0.735938 0.316667 0.034375 0.045833
0 0.540625 0.664583 0.037500 0.050000
0 0.548438 0.795833 0.037500 0.050000
0 0.601562 0.670833 0.037500 0.050000
0 0.614062 0.718750 0.031250 0.041667
0 0.606250 0.791667 0.037500 0.050000
0 0.626563 0.089583 0.034375 0.045833
0 0.625000 0.214583 0.028125 0.037500
0 0.646875 0.254167 0.025000 0.033333
0 0.657813 0.320833 0.031250 0.041667
0 0.301563 0.520833 0.034375 0.045833
0 0.303125 0.591667 0.031250 0.041667
0 0.368750 0.464583 0.025000 0.033333
0 0.364063 0.535417 0.034375 0.045833
0 0.498437 0.729167 0.028125 0.037500
0 0.559375 0.654167 0.034375 0.045833
0 0.845313 0.089583 0.034375 0.045833
0 0.845313 0.150000 0.037500 0.050000
0 0.523438 0.366667 0.031250 0.041667
0 0.515625 0.435417 0.031250 0.041667
0 0.515625 0.491667 0.025000 0.033333
0 0.576562 0.493750 0.031250 0.041667
0 0.104688 0.129167 0.031250 0.041667
0 0.104688 0.189583 0.031250 0.041667
0 0.176563 0.068750 0.040625 0.054167
0 0.173437 0.137500 0.040625 0.054167
0 0.812500 0.347917 0.028125 0.037500
0 0.809375 0.485417 0.037500 0.050000