0 0.623437 0.768750 0.040625 0.054167
0 0.621875 0.820833 0.031250 0.041667
0 0.614062 0.893750 0.034375 0.045833
0 0.679688 0.766667 0.028125 0.037500
0 0.145313 0.652083 0.040625 0.054167
0 0.142187 0.714583 0.037500 0.050000
0 0.140625 0.783333 0.037500 0.050000
0 0.203125 0.650000 0.028125 0.037500
0 0.282813 0.243750 0.034375 0.045833
0 0.275000 0.368750 0.031250 0.041667
0 0.346875 0.237500 0.034375 0.045833
0 0.384375 0.202083 0.040625 0.054167
0 0.392188 0.268750 0.025000 0.033333
0 0.387500 0.331250 0.040625 0.054167
0 0.648438 0.614583 0.040625 0.054167
0 0.642188 0.739583 0.025000 0.033333
0 0.476562 0.704167 0.037500 0.050000
0 0.475000 0.756250 0.028125 0.037500
0 0.470313 0.820833 0.025000 0.033333
0 0.542188 0.697917 0.031250 0.041667
0 0.631250 0.481250 0.034375 0.045833
0 0.623437 0.539583 0.040625 0.054167
0 0.623437 0.614583 0.031250 0.041667
0 0.795312 0.327083 0.040625 0.054167
0 0.792188 0.381250 0.037500 0.050000
0 0.801562 0.456250 0.040625 0.054167
0 0.546875 0.266667 0.034375 0.045833
0 0.537500 0.389583 0.028125 0.037500
0 0.606250 0.264583 0.025000 0.033333