0 0.606250 0.172917 0.034375 0.045833
0 0.670312 0.104167 0.040625 0.054167
0 0.485938 0.204167 0.031250 0.041667
0 0.492188 0.320833 0.040625 0.054167
0 0.556250 0.256250 0.037500 0.050000
0 0.468750 0.597917 0.028125 0.037500
0 0.540625 0.531250 0.040625 0.054167
0 0.489063 0.272917 0.040625 0.054167
0 0.489063 0.389583 0.025000 0.033333
0 0.545312 0.327083 0.037500 0.050000
0 0.592187 0.631250 0.031250 0.041667
0 0.659375 0.570833 0.031250 0.041667
0 0.548438 0.372917 0.031250 0.041667
0 0.618750 0.312500 0.031250 0.041667
0 0.121875 0.193750 0.034375 0.045833
0 0.126562 0.312500 0.031250 0.041667
0 0.182812 0.193750 0.025000 0.033333
0 0.181250 0.316667 0.037500 0.050000
0 0.834375 0.775000 0.040625 0.054167
0 0.900000 0.722917 0.031250 0.041667
0 0.887500 0.779167 0.025000 0.033333
0 0.892188 0.839583 0.031250 0.041667