0 0.860938 0.241667 0.034375 0.045833
0 0.856250 0.364583 0.031250 0.041667
0 0.562500 0.812500 0.028125 0.037500
0 0.570312 0.868750 0.040625 0.054167
0 0.626563 0.750000 0.037500 0.050000
0 0.451562 0.295833 0.031250 0.041667
0 0.510938 0.302083 0.034375 0.045833
0 0.779687 0.716667 0.025000 0.033333
0 0.840625 0.714583 0.040625 0.054167
0 0.148438 0.185417 0.034375 0.045833
0 0.156250 0.310417 0.025000 0.033333
0 0.812500 0.289583 0.040625 0.054167
0 0.809375 0.366667 0.040625 0.054167
0 0.875000 0.227083 0.031250 0.041667