0 0.685937 0.083333 0.040625 0.054167
0 0.687500 0.133333 0.025000 0.033333
0 0.687500 0.204167 0.034375 0.045833
0 0.746875 0.077083 0.040625 0.054167
0 0.746875 0.141667 0.034375 0.045833
0 0.198437 0.281250 0.031250 0.041667
0 0.256250 0.331250 0.034375 0.045833
0 0.168750 0.197917 0.025000 0.033333
0 0.175000 0.277083 0.037500 0.050000
0 0.179688 0.331250 0.037500 0.050000
0 0.242188 0.329167 0.040625 0.054167
0 0.609375 0.566667 0.034375 0.045833
0 0.671875 0.618750 0.028125 0.037500
0 0.718750 0.118750 0.034375 0.045833
0 0.726562 0.189583 0.037500 0.050000
0 0.714063 0.252083 0.037500 0.050000
0 0.139063 0.647917 0.028125 0.037500
0 0.217188 0.085417 0.025000 0.033333
0 0.215625 0.135417 0.031250 0.041667
0 0.214062 0.212500 0.031250 0.041667
0 0.284375 0.212500 0.031250 0.041667
0 0.237500 0.135417 0.037500 0.050000
0 0.239063 0.266667 0.034375 0.045833
0 0.310937 0.143750 0.025000 0.033333
0 0.301563 0.193750 0.025000 0.033333
0 0.453125 0.181250 0.034375 0.045833
0 0.464062 0.243750 0.025000 0.033333
0 0.456250 0.306250 0.025000 0.033333
0 0.518750 0.310417 0.034375 0.045833