0 0.846875 0.606250 0.037500 0.050000
0 0.857812 0.677083 0.025000 0.033333
0 0.846875 0.737500 0.037500 0.050000
0 0.918750 0.616667 0.031250 0.041667
0 0.539062 0.156250 0.037500 0.050000
0 0.529687 0.225000 0.031250 0.041667
0 0.537500 0.293750 0.034375 0.045833
0 0.595313 0.222917 0.025000 0.033333
0 0.270313 0.285417 0.028125 0.037500
0 0.268750 0.352083 0.037500 0.050000
0 0.265625 0.402083 0.028125 0.037500
0 0.335938 0.354167 0.037500 0.050000
0 0.121875 0.700000 0.028125 0.037500
0 0.190625 0.647917 0.034375 0.045833
0 0.184375 0.706250 0.037500 0.050000