0 0.514062 0.195833 0.028125 0.037500
0 0.520312 0.247917 0.028125 0.037500
0 0.575000 0.187500 0.040625 0.054167
0 0.695312 0.187500 0.028125 0.037500
0 0.754687 0.183333 0.031250 0.041667
0 0.762500 0.254167 0.031250 0.041667
0 0.190625 0.397917 0.037500 0.050000
0 0.248438 0.391667 0.025000 0.033333
0 0.256250 0.462500 0.040625 0.054167
0 0.431250 0.406250 0.037500 0.050000
0 0.428125 0.529167 0.037500 0.050000
0 0.495312 0.406250 0.025000 0.033333
0 0.550000 0.664583 0.025000 0.033333
0 0.546875 0.787500 0.034375 0.045833
0 0.612500 0.668750 0.040625 0.054167