0 0.450000 0.643750 0.028125 0.037500
0 0.454688 0.706250 0.034375 0.045833
0 0.514062 0.568750 0.025000 0.033333
0 0.515625 0.627083 0.040625 0.054167
0 0.703125 0.337500 0.037500 0.050000
0 0.703125 0.391667 0.040625 0.054167
0 0.767188 0.277083 0.037500 0.050000
0 0.765625 0.335417 0.040625 0.054167
0 0.639062 0.481250 0.028125 0.037500
0 0.640625 0.614583 0.031250 0.041667
0 0.120313 0.627083 0.025000 0.033333
0 0.131250 0.737500 0.037500 0.050000
0 0.839063 0.218750 0.040625 0.054167
0 0.832812 0.275000 0.037500 0.050000
0 0.900000 0.214583 0.037500 0.050000
0 0.901563 0.281250 0.040625 0.054167
0 0.271875 0.535417 0.037500 0.050000
0 0.278125 0.604167 0.037500 0.050000
0 0.335938 0.543750 0.034375 0.045833
0 0.340625 0.610417 0.028125 0.037500
0 0.512500 0.643750 0.028125 0.037500
0 0.507812 0.772917 0.040625 0.054167
0 0.570312 0.708333 0.031250 0.041667
0 0.579688 0.783333 0.028125 0.037500
0 0.167187 0.822917 0.034375 0.045833
0 0.171875 0.897917 0.025000 0.033333
0 0.228125 0.758333 0.025000 0.033333
0 0.231250 0.829167 0.040625 0.054167
0 0.637500 0.806250 0.028125 0.037500
0 0.701562 0.756250 0.037500 0.050000