0 0.376563 0.258333 0.025000 0.033333
0 0.370312 0.393750 0.028125 0.037500
0 0.443750 0.264583 0.034375 0.045833
0 0.437500 0.385417 0.025000 0.033333
0 0.609375 0.618750 0.028125 0.037500
0 0.615625 0.739583 0.028125 0.037500
0 0.673438 0.622917 0.031250 0.041667
0 0.676562 0.739583 0.031250 0.041667
0 0.623437 0.756250 0.034375 0.045833
0 0.693750 0.700000 0.034375 0.045833
0 0.685937 0.752083 0.034375 0.045833
0 0.689063 0.812500 0.025000 0.033333
0 0.495312 0.587500 0.040625 0.054167
0 0.492188 0.722917 0.037500 0.050000
0 0.551562 0.585417 0.040625 0.054167
0 0.557813 0.718750 0.040625 0.054167
0 0.346875 0.208333 0.025000 0.033333
0 0.353125 0.268750 0.025000 0.033333
0 0.346875 0.331250 0.037500 0.050000
0 0.410938 0.214583 0.034375 0.045833
0 0.637500 0.650000 0.028125 0.037500
0 0.704688 0.585417 0.031250 0.041667
0 0.839063 0.320833 0.037500 0.050000
0 0.842187 0.391667 0.028125 0.037500
0 0.837500 0.439583 0.034375 0.045833
0 0.904687 0.329167 0.028125 0.037500
0 0.632812 0.718750 0.037500 0.050000
0 0.704688 0.660417 0.028125 0.037500