0 0.820312 0.441667 0.037500 0.050000
0 0.818750 0.493750 0.031250 0.041667
0 0.257812 0.677083 0.040625 0.054167
0 0.253125 0.745833 0.028125 0.037500
0 0.250000 0.802083 0.034375 0.045833
0 0.320312 0.675000 0.040625 0.054167
0 0.612500 0.289583 0.037500 0.050000
0 0.612500 0.425000 0.028125 0.037500
0 0.668750 0.295833 0.037500 0.050000
0 0.670312 0.429167 0.037500 0.050000
0 0.684375 0.177083 0.040625 0.054167
0 0.681250 0.243750 0.037500 0.050000
0 0.676562 0.314583 0.034375 0.045833
0 0.746875 0.239583 0.037500 0.050000
0 0.501563 0.714583 0.025000 0.033333
0 0.503125 0.775000 0.040625 0.054167
0 0.509375 0.847917 0.040625 0.054167
0 0.573438 0.716667 0.031250 0.041667
0 0.584375 0.108333 0.031250 0.041667
0 0.584375 0.162500 0.031250 0.041667
0 0.710938 0.650000 0.025000 0.033333
0 0.704688 0.712500 0.031250 0.041667
0 0.704688 0.777083 0.040625 0.054167
0 0.767188 0.650000 0.040625 0.054167
0 0.767188 0.716667 0.028125 0.037500
0 0.406250 0.643750 0.025000 0.033333
0 0.228125 0.558333 0.025000 0.033333
0 0.223438 0.620833 0.040625 0.054167
0 0.226562 0.695833 0.037500 0.050000
0 0.290625 0.627083 0.037500 0.050000
0 0.421875 0.100000 0.031250 0.041667
0 0.423438 0.164583 0.025000 0.033333
0 0.417187 0.237500 0.025000 0.033333
0 0.484375 0.112500 0.025000 0.033333