0 0.551562 0.689583 0.031250 0.041667
0 0.550000 0.741667 0.037500 0.050000
0 0.546875 0.804167 0.025000 0.033333
0 0.618750 0.750000 0.028125 0.037500
0 0.729688 0.464583 0.025000 0.033333
0 0.725000 0.516667 0.031250 0.041667
0 0.723437 0.587500 0.034375 0.045833
0 0.790625 0.522917 0.028125 0.037500
0 0.529687 0.418750 0.028125 0.037500
0 0.587500 0.433333 0.040625 0.054167
0 0.589063 0.495833 0.028125 0.037500
0 0.362500 0.170833 0.037500 0.050000
0 0.370312 0.289583 0.031250 0.041667
0 0.428125 0.166667 0.025000 0.033333
0 0.420312 0.222917 0.025000 0.033333
0 0.332813 0.650000 0.034375 0.045833
0 0.320312 0.770833 0.025000 0.033333
0 0.387500 0.652083 0.025000 0.033333
0 0.387500 0.712500 0.028125 0.037500
0 0.068750 0.262500 0.028125 0.037500
0 0.075000 0.310417 0.028125 0.037500
0 0.076563 0.383333 0.034375 0.045833
0 0.137500 0.310417 0.034375 0.045833
0 0.462500 0.475000 0.040625 0.054167
0 0.467187 0.539583 0.025000 0.033333
0 0.465625 0.602083 0.028125 0.037500
0 0.531250 0.541667 0.028125 0.037500