0 0.790625 0.529167 0.037500 0.050000
0 0.798438 0.652083 0.040625 0.054167
0 0.751563 0.379167 0.031250 0.041667
0 0.820312 0.368750 0.025000 0.033333
0 0.820312 0.433333 0.037500 0.050000
0 0.468750 0.297917 0.034375 0.045833
0 0.468750 0.362500 0.040625 0.054167
0 0.460938 0.431250 0.034375 0.045833
0 0.526563 0.422917 0.028125 0.037500
0 0.162500 0.537500 0.037500 0.050000
0 0.173437 0.666667 0.025000 0.033333
0 0.689063 0.706250 0.025000 0.033333
0 0.746875 0.706250 0.040625 0.054167
0 0.754687 0.781250 0.037500 0.050000