0 0.207813 0.535417 0.025000 0.033333
0 0.212500 0.658333 0.031250 0.041667
0 0.262500 0.647917 0.025000 0.033333
0 0.210938 0.568750 0.031250 0.041667
0 0.206250 0.625000 0.031250 0.041667
0 0.279687 0.560417 0.037500 0.050000
0 0.129688 0.520833 0.037500 0.050000
0 0.196875 0.525000 0.025000 0.033333
0 0.129688 0.675000 0.040625 0.054167
0 0.126562 0.733333 0.028125 0.037500
0 0.181250 0.675000 0.034375 0.045833
0 0.484375 0.566667 0.025000 0.033333
0 0.484375 0.633333 0.031250 0.041667
0 0.548438 0.577083 0.034375 0.045833
0 0.234375 0.527083 0.028125 0.037500
0 0.242188 0.583333 0.034375 0.045833
0 0.303125 0.522917 0.025000 0.033333