0 0.793750 0.702083 0.037500 0.050000
0 0.789062 0.820833 0.037500 0.050000
0 0.850000 0.833333 0.031250 0.041667
0 0.071875 0.229167 0.034375 0.045833
0 0.064062 0.291667 0.034375 0.045833
0 0.067187 0.358333 0.034375 0.045833
0 0.126562 0.231250 0.031250 0.041667
0 0.539062 0.704167 0.040625 0.054167
0 0.548438 0.775000 0.028125 0.037500
0 0.609375 0.777083 0.037500 0.050000
0 0.740625 0.166667 0.037500 0.050000
0 0.743750 0.222917 0.028125 0.037500
0 0.746875 0.279167 0.034375 0.045833
0 0.614062 0.558333 0.028125 0.037500
0 0.614062 0.677083 0.037500 0.050000
0 0.675000 0.543750 0.034375 0.045833
0 0.665625 0.614583 0.031250 0.041667
0 0.678125 0.683333 0.034375 0.045833
0 0.767188 0.420833 0.028125 0.037500
0 0.767188 0.485417 0.037500 0.050000
0 0.770312 0.547917 0.028125 0.037500