0 0.140625 0.502083 0.031250 0.041667
0 0.140625 0.618750 0.040625 0.054167
0 0.200000 0.502083 0.028125 0.037500
0 0.203125 0.622917 0.034375 0.045833
0 0.309375 0.183333 0.025000 0.033333
0 0.310937 0.245833 0.040625 0.054167
0 0.307812 0.312500 0.040625 0.054167
0 0.378125 0.241667 0.040625 0.054167
0 0.834375 0.714583 0.034375 0.045833
0 0.835938 0.772917 0.034375 0.045833
0 0.837500 0.843750 0.025000 0.033333
0 0.890625 0.718750 0.040625 0.054167
0 0.064062 0.593750 0.028125 0.037500
0 0.059375 0.712500 0.037500 0.050000
0 0.125000 0.597917 0.034375 0.045833
0 0.126562 0.708333 0.028125 0.037500
0 0.518750 0.108333 0.025000 0.033333
0 0.518750 0.168750 0.034375 0.045833
0 0.525000 0.229167 0.034375 0.045833
0 0.575000 0.108333 0.037500 0.050000
0 0.631250 0.120833 0.028125 0.037500
0 0.632812 0.237500 0.040625 0.054167
0 0.690625 0.112500 0.025000 0.033333
0 0.687500 0.245833 0.040625 0.054167