0 0.678125 0.320833 0.040625 0.054167
0 0.678125 0.377083 0.040625 0.054167
0 0.731250 0.258333 0.025000 0.033333
0 0.728125 0.325000 0.037500 0.050000
0 0.212500 0.160417 0.031250 0.041667
0 0.215625 0.220833 0.037500 0.050000
0 0.276562 0.106250 0.028125 0.037500
0 0.273438 0.164583 0.034375 0.045833
0 0.709375 0.679167 0.040625 0.054167
0 0.709375 0.745833 0.037500 0.050000
0 0.770312 0.679167 0.028125 0.037500
0 0.762500 0.745833 0.040625 0.054167
0 0.328125 0.258333 0.028125 0.037500
0 0.328125 0.322917 0.037500 0.050000
0 0.398438 0.260417 0.031250 0.041667
0 0.403125 0.314583 0.037500 0.050000
0 0.476562 0.220833 0.028125 0.037500
0 0.534375 0.214583 0.037500 0.050000
0 0.539062 0.277083 0.025000 0.033333