0 0.309375 0.589583 0.028125 0.037500
0 0.382812 0.520833 0.034375 0.045833
0 0.306250 0.075000 0.040625 0.054167
0 0.306250 0.200000 0.034375 0.045833
0 0.359375 0.091667 0.037500 0.050000
0 0.360938 0.143750 0.028125 0.037500
0 0.370312 0.200000 0.031250 0.041667
0 0.187500 0.718750 0.031250 0.041667
0 0.185938 0.847917 0.028125 0.037500
0 0.254688 0.854167 0.031250 0.041667
0 0.700000 0.252083 0.040625 0.054167
0 0.693750 0.314583 0.028125 0.037500
0 0.760938 0.320833 0.031250 0.041667
0 0.217188 0.660417 0.034375 0.045833
0 0.210938 0.712500 0.025000 0.033333
0 0.276562 0.710417 0.034375 0.045833
0 0.340625 0.297917 0.034375 0.045833
0 0.332813 0.429167 0.031250 0.041667
0 0.721875 0.439583 0.028125 0.037500
0 0.784375 0.487500 0.031250 0.041667
0 0.535937 0.260417 0.025000 0.033333
0 0.593750 0.325000 0.031250 0.041667
0 0.245312 0.110417 0.037500 0.050000
0 0.240625 0.239583 0.037500 0.050000
0 0.737500 0.575000 0.025000 0.033333
0 0.792188 0.525000 0.031250 0.041667