0 0.259375 0.133333 0.040625 0.054167
0 0.260937 0.202083 0.031250 0.041667
0 0.254688 0.260417 0.028125 0.037500
0 0.323437 0.250000 0.037500 0.050000
0 0.840625 0.429167 0.031250 0.041667
0 0.839063 0.495833 0.028125 0.037500
0 0.309375 0.752083 0.040625 0.054167
0 0.312500 0.816667 0.040625 0.054167
0 0.310937 0.875000 0.031250 0.041667
0 0.375000 0.868750 0.031250 0.041667
0 0.325000 0.487500 0.025000 0.033333
0 0.323437 0.547917 0.040625 0.054167
0 0.325000 0.606250 0.034375 0.045833
0 0.384375 0.604167 0.025000 0.033333
0 0.845313 0.425000 0.025000 0.033333
0 0.840625 0.489583 0.037500 0.050000
0 0.840625 0.547917 0.040625 0.054167
0 0.896875 0.552083 0.040625 0.054167
0 0.712500 0.691667 0.028125 0.037500
0 0.778125 0.764583 0.031250 0.041667