0 0.745313 0.256250 0.037500 0.050000
0 0.746875 0.389583 0.034375 0.045833
0 0.779687 0.154167 0.028125 0.037500
0 0.842187 0.097917 0.028125 0.037500
0 0.843750 0.154167 0.037500 0.050000
0 0.839063 0.227083 0.040625 0.054167
0 0.129688 0.285417 0.025000 0.033333
0 0.134375 0.414583 0.028125 0.037500
0 0.196875 0.293750 0.031250 0.041667
0 0.189062 0.414583 0.025000 0.033333
0 0.070312 0.277083 0.025000 0.033333
0 0.070312 0.406250 0.034375 0.045833
0 0.420312 0.508333 0.025000 0.033333
0 0.482812 0.454167 0.037500 0.050000
0 0.489063 0.508333 0.034375 0.045833
0 0.487500 0.572917 0.040625 0.054167
0 0.317188 0.231250 0.031250 0.041667
0 0.304688 0.350000 0.028125 0.037500
0 0.367188 0.235417 0.025000 0.033333
0 0.370312 0.347917 0.028125 0.037500
0 0.220312 0.318750 0.034375 0.045833
0 0.210938 0.389583 0.031250 0.041667
0 0.215625 0.445833 0.040625 0.054167
0 0.278125 0.327083 0.034375 0.045833
0 0.270313 0.391667 0.031250 0.041667
0 0.750000 0.395833 0.025000 0.033333
0 0.820312 0.333333 0.031250 0.041667
0 0.817187 0.406250 0.028125 0.037500
0 0.818750 0.466667 0.040625 0.054167
0 0.315625 0.514583 0.031250 0.041667
0 0.376563 0.452083 0.037500 0.050000