0 0.117188 0.093750 0.034375 0.045833
0 0.106250 0.218750 0.040625 0.054167
0 0.170313 0.097917 0.040625 0.054167
0 0.170313 0.216667 0.037500 0.050000
0 0.571875 0.358333 0.037500 0.050000
0 0.576562 0.470833 0.031250 0.041667
0 0.634375 0.345833 0.031250 0.041667
0 0.075000 0.102083 0.040625 0.054167
0 0.143750 0.091667 0.034375 0.045833
0 0.645312 0.522917 0.034375 0.045833
0 0.651563 0.577083 0.031250 0.041667
0 0.646875 0.650000 0.037500 0.050000
0 0.712500 0.577083 0.034375 0.045833
0 0.796875 0.635417 0.025000 0.033333
0 0.792188 0.760417 0.037500 0.050000
0 0.856250 0.637500 0.028125 0.037500
0 0.853125 0.766667 0.028125 0.037500
0 0.131250 0.120833 0.040625 0.054167
0 0.131250 0.250000 0.025000 0.033333
0 0.182812 0.127083 0.034375 0.045833
0 0.187500 0.256250 0.040625 0.054167
0 0.400000 0.397917 0.028125 0.037500
0 0.401562 0.508333 0.031250 0.041667
0 0.456250 0.393750 0.028125 0.037500
0 0.103125 0.639583 0.028125 0.037500
0 0.114062 0.702083 0.040625 0.054167
0 0.103125 0.760417 0.040625 0.054167
0 0.175000 0.695833 0.037500 0.050000