0 0.098437 0.091667 0.034375 0.045833
0 0.517188 0.468750 0.028125 0.037500
0 0.521875 0.593750 0.025000 0.033333
0 0.582812 0.470833 0.025000 0.033333
0 0.590625 0.604167 0.040625 0.054167
0 0.265625 0.568750 0.037500 0.050000
0 0.267188 0.633333 0.034375 0.045833
0 0.329688 0.568750 0.031250 0.041667
0 0.417187 0.389583 0.034375 0.045833
0 0.407813 0.510417 0.037500 0.050000
0 0.478125 0.381250 0.025000 0.033333
0 0.475000 0.514583 0.025000 0.033333
0 0.787500 0.654167 0.028125 0.037500
0 0.779687 0.720833 0.031250 0.041667
0 0.853125 0.645833 0.025000 0.033333
0 0.395313 0.489583 0.034375 0.045833
0 0.468750 0.416667 0.031250 0.041667
0 0.456250 0.475000 0.028125 0.037500
0 0.462500 0.535417 0.031250 0.041667
0 0.065625 0.083333 0.028125 0.037500
0 0.070312 0.143750 0.031250 0.041667
0 0.132812 0.087500 0.040625 0.054167