0 0.768750 0.527083 0.040625 0.054167
0 0.768750 0.658333 0.040625 0.054167
0 0.842187 0.660417 0.025000 0.033333
0 0.360938 0.616667 0.037500 0.050000
0 0.353125 0.733333 0.040625 0.054167
0 0.415625 0.672917 0.037500 0.050000
0 0.414062 0.735417 0.031250 0.041667
0 0.287500 0.756250 0.025000 0.033333
0 0.295312 0.864583 0.031250 0.041667
0 0.357812 0.743750 0.028125 0.037500
0 0.357812 0.802083 0.031250 0.041667
0 0.356250 0.872917 0.037500 0.050000
0 0.504687 0.281250 0.025000 0.033333
0 0.510938 0.395833 0.037500 0.050000
0 0.570312 0.395833 0.034375 0.045833
0 0.453125 0.272917 0.028125 0.037500
0 0.446875 0.395833 0.034375 0.045833
0 0.515625 0.260417 0.028125 0.037500
0 0.510938 0.393750 0.028125 0.037500
0 0.098437 0.412500 0.028125 0.037500
0 0.106250 0.479167 0.034375 0.045833
0 0.103125 0.541667 0.037500 0.050000
0 0.785937 0.262500 0.031250 0.041667
0 0.848437 0.333333 0.040625 0.054167
0 0.853125 0.366667 0.028125 0.037500
0 0.853125 0.495833 0.040625 0.054167
0 0.920312 0.493750 0.040625 0.054167