0 0.617188 0.645833 0.028125 0.037500
0 0.628125 0.714583 0.040625 0.054167
0 0.621875 0.772917 0.040625 0.054167
0 0.690625 0.720833 0.028125 0.037500
0 0.214062 0.137500 0.034375 0.045833
0 0.268750 0.077083 0.040625 0.054167
0 0.264062 0.129167 0.034375 0.045833
0 0.731250 0.335417 0.040625 0.054167
0 0.732812 0.391667 0.037500 0.050000
0 0.731250 0.452083 0.025000 0.033333
0 0.789062 0.397917 0.025000 0.033333
0 0.100000 0.114583 0.037500 0.050000
0 0.100000 0.241667 0.037500 0.050000
0 0.173437 0.229167 0.025000 0.033333
0 0.346875 0.670833 0.040625 0.054167
0 0.339062 0.793750 0.028125 0.037500
0 0.410938 0.806250 0.040625 0.054167
0 0.762500 0.393750 0.028125 0.037500
0 0.760938 0.454167 0.037500 0.050000
0 0.760938 0.518750 0.028125 0.037500
0 0.196875 0.212500 0.037500 0.050000
0 0.193750 0.289583 0.037500 0.050000
0 0.204687 0.339583 0.028125 0.037500
0 0.265625 0.339583 0.031250 0.041667
0 0.856250 0.137500 0.040625 0.054167
0 0.854688 0.214583 0.031250 0.041667
0 0.856250 0.268750 0.034375 0.045833
0 0.914062 0.260417 0.028125 0.037500