0 0.492188 0.166667 0.025000 0.033333
0 0.501563 0.229167 0.034375 0.045833
0 0.567187 0.106250 0.037500 0.050000
0 0.562500 0.168750 0.028125 0.037500
0 0.682813 0.093750 0.037500 0.050000
0 0.679688 0.158333 0.031250 0.041667
0 0.742188 0.172917 0.034375 0.045833
0 0.131250 0.229167 0.034375 0.045833
0 0.140625 0.356250 0.037500 0.050000
0 0.196875 0.225000 0.025000 0.033333
0 0.453125 0.683333 0.040625 0.054167
0 0.459375 0.760417 0.031250 0.041667
0 0.456250 0.810417 0.031250 0.041667
0 0.065625 0.443750 0.034375 0.045833
0 0.057813 0.562500 0.025000 0.033333
0 0.118750 0.433333 0.028125 0.037500
0 0.120313 0.595833 0.037500 0.050000
0 0.184375 0.531250 0.040625 0.054167
0 0.573438 0.170833 0.037500 0.050000
0 0.625000 0.239583 0.034375 0.045833