0 0.359375 0.095833 0.040625 0.054167
0 0.357812 0.154167 0.037500 0.050000
0 0.364063 0.218750 0.037500 0.050000
0 0.209375 0.525000 0.031250 0.041667
0 0.206250 0.656250 0.031250 0.041667
0 0.275000 0.525000 0.028125 0.037500
0 0.264062 0.597917 0.025000 0.033333
0 0.223438 0.068750 0.031250 0.041667
0 0.225000 0.143750 0.034375 0.045833
0 0.226562 0.202083 0.025000 0.033333
0 0.056250 0.677083 0.031250 0.041667
0 0.057813 0.739583 0.037500 0.050000
0 0.128125 0.616667 0.037500 0.050000
0 0.120313 0.647917 0.037500 0.050000
0 0.114062 0.775000 0.037500 0.050000
0 0.179688 0.635417 0.037500 0.050000
0 0.176563 0.710417 0.025000 0.033333
0 0.368750 0.081250 0.025000 0.033333
0 0.367188 0.145833 0.040625 0.054167
0 0.356250 0.206250 0.031250 0.041667
0 0.084375 0.306250 0.037500 0.050000
0 0.093750 0.433333 0.037500 0.050000
0 0.151562 0.316667 0.028125 0.037500
0 0.598437 0.139583 0.031250 0.041667
0 0.598437 0.254167 0.040625 0.054167
0 0.654687 0.135417 0.025000 0.033333
0 0.317188 0.393750 0.031250 0.041667
0 0.310937 0.518750 0.034375 0.045833
0 0.385937 0.402083 0.028125 0.037500
0 0.384375 0.454167 0.025000 0.033333