0 0.698438 0.566667 0.034375 0.045833
0 0.693750 0.631250 0.040625 0.054167
0 0.698438 0.693750 0.034375 0.045833
0 0.757812 0.564583 0.025000 0.033333
0 0.760938 0.627083 0.037500 0.050000
0 0.843750 0.279167 0.040625 0.054167
0 0.842187 0.333333 0.034375 0.045833
0 0.845313 0.404167 0.037500 0.050000
0 0.904687 0.277083 0.028125 0.037500
0 0.912500 0.345833 0.034375 0.045833
0 0.506250 0.312500 0.031250 0.041667
0 0.504687 0.375000 0.025000 0.033333
0 0.501563 0.433333 0.031250 0.041667
0 0.564063 0.306250 0.034375 0.045833
0 0.575000 0.372917 0.037500 0.050000
0 0.509375 0.375000 0.040625 0.054167
0 0.510938 0.510417 0.034375 0.045833
0 0.567187 0.437500 0.025000 0.033333
0 0.571875 0.504167 0.037500 0.050000
0 0.745313 0.543750 0.034375 0.045833
0 0.740625 0.677083 0.031250 0.041667
0 0.809375 0.552083 0.040625 0.054167