0 0.154688 0.314583 0.037500 0.050000
0 0.223438 0.320833 0.028125 0.037500
0 0.221875 0.383333 0.031250 0.041667
0 0.296875 0.268750 0.028125 0.037500
0 0.351562 0.204167 0.025000 0.033333
0 0.435937 0.412500 0.031250 0.041667
0 0.507812 0.716667 0.028125 0.037500
0 0.564063 0.662500 0.025000 0.033333
0 0.326562 0.652083 0.037500 0.050000
0 0.315625 0.718750 0.028125 0.037500
0 0.378125 0.652083 0.025000 0.033333
0 0.378125 0.706250 0.025000 0.033333
0 0.240625 0.579167 0.034375 0.045833
0 0.245312 0.641667 0.025000 0.033333
0 0.248438 0.702083 0.025000 0.033333
0 0.307812 0.691667 0.040625 0.054167
0 0.371875 0.295833 0.028125 0.037500
0 0.362500 0.362500 0.031250 0.041667
0 0.367188 0.425000 0.037500 0.050000
0 0.434375 0.300000 0.040625 0.054167
0 0.437500 0.364583 0.037500 0.050000
0 0.101562 0.145833 0.040625 0.054167
0 0.109375 0.275000 0.037500 0.050000
0 0.167187 0.154167 0.031250 0.041667
0 0.167187 0.279167 0.025000 0.033333
0 0.682813 0.227083 0.028125 0.037500
0 0.684375 0.283333 0.034375 0.045833
0 0.676562 0.345833 0.037500 0.050000
0 0.745313 0.352083 0.028125 0.037500
0 0.309375 0.712500 0.025000 0.033333