0 0.493750 0.668750 0.040625 0.054167
0 0.481250 0.729167 0.037500 0.050000
0 0.492188 0.806250 0.034375 0.045833
0 0.548438 0.735417 0.034375 0.045833
0 0.857812 0.656250 0.028125 0.037500
0 0.862500 0.795833 0.040625 0.054167
0 0.926562 0.664583 0.028125 0.037500
0 0.923438 0.733333 0.034375 0.045833
0 0.920312 0.783333 0.037500 0.050000
0 0.551562 0.075000 0.028125 0.037500
0 0.554688 0.202083 0.025000 0.033333
0 0.615625 0.079167 0.034375 0.045833
0 0.612500 0.127083 0.040625 0.054167
0 0.612500 0.204167 0.025000 0.033333
0 0.482812 0.208333 0.031250 0.041667
0 0.470313 0.337500 0.037500 0.050000
0 0.540625 0.218750 0.040625 0.054167
0 0.543750 0.277083 0.040625 0.054167
0 0.534375 0.341667 0.037500 0.050000
0 0.382812 0.439583 0.031250 0.041667
0 0.443750 0.377083 0.034375 0.045833
0 0.435937 0.433333 0.040625 0.054167
0 0.445312 0.502083 0.037500 0.050000
0 0.475000 0.600000 0.031250 0.041667
0 0.476562 0.660417 0.031250 0.041667
0 0.481250 0.718750 0.031250 0.041667
0 0.540625 0.660417 0.031250 0.041667
0 0.079687 0.695833 0.031250 0.041667
0 0.076563 0.758333 0.040625 0.054167
0 0.143750 0.708333 0.040625 0.054167