0 0.125000 0.533333 0.028125 0.037500
0 0.126562 0.658333 0.034375 0.045833
0 0.179688 0.522917 0.040625 0.054167
0 0.182812 0.587500 0.028125 0.037500
0 0.856250 0.214583 0.028125 0.037500
0 0.860938 0.266667 0.031250 0.041667
0 0.918750 0.150000 0.037500 0.050000
0 0.276562 0.158333 0.037500 0.050000
0 0.278125 0.204167 0.028125 0.037500
0 0.335938 0.093750 0.034375 0.045833
0 0.523438 0.570833 0.037500 0.050000
0 0.585938 0.500000 0.034375 0.045833
0 0.585938 0.568750 0.025000 0.033333
0 0.584375 0.629167 0.031250 0.041667