0 0.270313 0.385417 0.031250 0.041667
0 0.323437 0.379167 0.037500 0.050000
0 0.642188 0.243750 0.034375 0.045833
0 0.632812 0.302083 0.025000 0.033333
0 0.750000 0.522917 0.037500 0.050000
0 0.818750 0.520833 0.034375 0.045833
0 0.807813 0.587500 0.040625 0.054167
0 0.282813 0.089583 0.028125 0.037500
0 0.353125 0.091667 0.040625 0.054167
0 0.282813 0.402083 0.025000 0.033333
0 0.281250 0.472917 0.028125 0.037500
0 0.275000 0.529167 0.037500 0.050000
0 0.348438 0.462500 0.037500 0.050000
0 0.846875 0.602083 0.031250 0.041667
0 0.909375 0.593750 0.034375 0.045833
0 0.337500 0.779167 0.028125 0.037500
0 0.398438 0.766667 0.037500 0.050000