0 0.251563 0.289583 0.037500 0.050000
0 0.312500 0.214583 0.040625 0.054167
0 0.317188 0.277083 0.028125 0.037500
0 0.317188 0.341667 0.031250 0.041667
0 0.210938 0.539583 0.037500 0.050000
0 0.214062 0.616667 0.028125 0.037500
0 0.265625 0.543750 0.028125 0.037500
0 0.265625 0.606250 0.028125 0.037500
0 0.323437 0.427083 0.031250 0.041667
0 0.315625 0.487500 0.031250 0.041667
0 0.384375 0.422917 0.037500 0.050000
0 0.389062 0.489583 0.025000 0.033333
0 0.185938 0.622917 0.040625 0.054167
0 0.185938 0.685417 0.040625 0.054167
0 0.248438 0.687500 0.031250 0.041667
0 0.115625 0.604167 0.034375 0.045833
0 0.171875 0.531250 0.025000 0.033333
0 0.176563 0.606250 0.028125 0.037500
0 0.175000 0.660417 0.025000 0.033333
0 0.528125 0.129167 0.025000 0.033333
0 0.537500 0.260417 0.025000 0.033333
0 0.598437 0.137500 0.031250 0.041667
0 0.600000 0.258333 0.034375 0.045833