0 0.335938 0.514583 0.028125 0.037500
0 0.332813 0.633333 0.034375 0.045833
0 0.393750 0.514583 0.028125 0.037500
0 0.389062 0.572917 0.034375 0.045833
0 0.518750 0.658333 0.025000 0.033333
0 0.528125 0.789583 0.028125 0.037500
0 0.587500 0.662500 0.037500 0.050000
0 0.590625 0.722917 0.034375 0.045833
0 0.840625 0.570833 0.037500 0.050000
0 0.843750 0.631250 0.028125 0.037500
0 0.837500 0.685417 0.025000 0.033333
0 0.098437 0.327083 0.037500 0.050000
0 0.103125 0.454167 0.037500 0.050000
0 0.168750 0.458333 0.031250 0.041667
0 0.793750 0.243750 0.040625 0.054167
0 0.796875 0.310417 0.037500 0.050000
0 0.854688 0.243750 0.034375 0.045833
0 0.543750 0.652083 0.031250 0.041667
0 0.542188 0.770833 0.037500 0.050000
0 0.612500 0.652083 0.037500 0.050000
0 0.617188 0.710417 0.031250 0.041667