0 0.793750 0.764583 0.031250 0.041667
0 0.782813 0.812500 0.040625 0.054167
0 0.785937 0.879167 0.037500 0.050000
0 0.846875 0.750000 0.040625 0.054167
0 0.857812 0.810417 0.031250 0.041667
0 0.318750 0.481250 0.025000 0.033333
0 0.326562 0.543750 0.028125 0.037500
0 0.328125 0.610417 0.031250 0.041667
0 0.387500 0.483333 0.037500 0.050000
0 0.389062 0.539583 0.025000 0.033333
0 0.432812 0.495833 0.040625 0.054167
0 0.440625 0.622917 0.028125 0.037500
0 0.490625 0.562500 0.025000 0.033333
0 0.500000 0.631250 0.040625 0.054167
0 0.712500 0.720833 0.025000 0.033333
0 0.368750 0.597917 0.028125 0.037500
0 0.373437 0.720833 0.028125 0.037500
0 0.432812 0.654167 0.040625 0.054167
0 0.435937 0.714583 0.034375 0.045833
0 0.585938 0.595833 0.040625 0.054167
0 0.589063 0.647917 0.034375 0.045833
0 0.643750 0.593750 0.025000 0.033333
0 0.825000 0.468750 0.028125 0.037500
0 0.821875 0.545833 0.025000 0.033333
0 0.831250 0.604167 0.037500 0.050000
0 0.890625 0.472917 0.040625 0.054167
0 0.887500 0.545833 0.034375 0.045833
0 0.234375 0.295833 0.031250 0.041667
0 0.235937 0.362500 0.031250 0.041667
0 0.293750 0.362500 0.040625 0.054167
0 0.732812 0.322917 0.028125 0.037500