0 0.201563 0.602083 0.028125 0.037500
0 0.192188 0.664583 0.037500 0.050000
0 0.200000 0.739583 0.037500 0.050000
0 0.259375 0.606250 0.040625 0.054167
0 0.103125 0.608333 0.037500 0.050000
0 0.164062 0.679167 0.028125 0.037500
0 0.551562 0.722917 0.034375 0.045833
0 0.085938 0.231250 0.037500 0.050000
0 0.096875 0.306250 0.040625 0.054167
0 0.092188 0.356250 0.031250 0.041667
0 0.156250 0.231250 0.028125 0.037500
0 0.853125 0.231250 0.025000 0.033333
0 0.846875 0.291667 0.034375 0.045833
0 0.917188 0.220833 0.037500 0.050000
0 0.910937 0.293750 0.028125 0.037500
0 0.673438 0.281250 0.025000 0.033333
0 0.670312 0.410417 0.025000 0.033333
0 0.428125 0.704167 0.040625 0.054167
0 0.437500 0.829167 0.034375 0.045833
0 0.662500 0.685417 0.040625 0.054167
0 0.659375 0.735417 0.034375 0.045833
0 0.665625 0.800000 0.034375 0.045833
0 0.354687 0.095833 0.031250 0.041667
0 0.362500 0.154167 0.031250 0.041667
0 0.354687 0.212500 0.037500 0.050000
0 0.418750 0.093750 0.031250 0.041667
0 0.123438 0.170833 0.031250 0.041667
0 0.117188 0.287500 0.025000 0.033333