0 0.493750 0.431250 0.034375 0.045833
0 0.487500 0.556250 0.028125 0.037500
0 0.546875 0.427083 0.040625 0.054167
0 0.556250 0.483333 0.025000 0.033333
0 0.550000 0.183333 0.037500 0.050000
0 0.560937 0.245833 0.040625 0.054167
0 0.610938 0.125000 0.031250 0.041667
0 0.068750 0.162500 0.028125 0.037500
0 0.075000 0.233333 0.031250 0.041667
0 0.076563 0.295833 0.040625 0.054167
0 0.139063 0.172917 0.034375 0.045833
0 0.148438 0.439583 0.040625 0.054167
0 0.148438 0.510417 0.034375 0.045833
0 0.206250 0.387500 0.037500 0.050000
0 0.565625 0.591667 0.034375 0.045833
0 0.629687 0.525000 0.040625 0.054167
0 0.628125 0.597917 0.037500 0.050000
0 0.273438 0.145833 0.031250 0.041667
0 0.273438 0.262500 0.034375 0.045833
0 0.335938 0.143750 0.034375 0.045833
0 0.337500 0.202083 0.028125 0.037500
0 0.342187 0.422917 0.040625 0.054167
0 0.398438 0.364583 0.034375 0.045833
0 0.409375 0.422917 0.031250 0.041667
0 0.401562 0.479167 0.034375 0.045833
0 0.409375 0.552083 0.034375 0.045833
0 0.465625 0.420833 0.028125 0.037500