0 0.467187 0.193750 0.025000 0.033333
0 0.462500 0.254167 0.040625 0.054167
0 0.473438 0.329167 0.028125 0.037500
0 0.537500 0.202083 0.034375 0.045833
0 0.854688 0.447917 0.025000 0.033333
0 0.856250 0.516667 0.025000 0.033333
0 0.856250 0.575000 0.040625 0.054167
0 0.620313 0.583333 0.031250 0.041667
0 0.623437 0.716667 0.034375 0.045833
0 0.690625 0.597917 0.025000 0.033333
0 0.793750 0.377083 0.031250 0.041667
0 0.790625 0.427083 0.025000 0.033333
0 0.857812 0.372917 0.034375 0.045833
0 0.862500 0.433333 0.025000 0.033333
0 0.593750 0.370833 0.031250 0.041667
0 0.660937 0.443750 0.025000 0.033333
0 0.251563 0.575000 0.040625 0.054167
0 0.254688 0.637500 0.034375 0.045833
0 0.250000 0.697917 0.040625 0.054167
0 0.318750 0.645833 0.028125 0.037500
0 0.353125 0.531250 0.037500 0.050000
0 0.350000 0.593750 0.025000 0.033333
0 0.420312 0.470833 0.025000 0.033333
0 0.415625 0.535417 0.031250 0.041667
0 0.714063 0.729167 0.025000 0.033333
0 0.710938 0.847917 0.040625 0.054167
0 0.782813 0.785417 0.025000 0.033333
0 0.785937 0.850000 0.025000 0.033333
0 0.260937 0.360417 0.037500 0.050000
0 0.259375 0.433333 0.028125 0.037500
0 0.317188 0.364583 0.034375 0.045833
0 0.318750 0.433333 0.028125 0.037500
0 0.132812 0.360417 0.040625 0.054167
0 0.132812 0.422917 0.025000 0.033333
0 0.203125 0.347917 0.037500 0.050000
0 0.198437 0.410417 0.031250 0.041667