0 0.384375 0.545833 0.025000 0.033333
0 0.382812 0.612500 0.025000 0.033333
0 0.439063 0.545833 0.031250 0.041667
0 0.440625 0.616667 0.034375 0.045833
0 0.345313 0.427083 0.025000 0.033333
0 0.403125 0.416667 0.031250 0.041667
0 0.407813 0.493750 0.025000 0.033333
0 0.425000 0.539583 0.028125 0.037500
0 0.420312 0.604167 0.028125 0.037500
0 0.479687 0.487500 0.034375 0.045833
0 0.481250 0.535417 0.025000 0.033333
0 0.101562 0.106250 0.040625 0.054167
0 0.098437 0.160417 0.040625 0.054167
0 0.104688 0.229167 0.037500 0.050000
0 0.168750 0.239583 0.031250 0.041667
0 0.407813 0.283333 0.034375 0.045833
0 0.465625 0.277083 0.025000 0.033333
0 0.464062 0.352083 0.031250 0.041667
0 0.353125 0.079167 0.028125 0.037500
0 0.421875 0.095833 0.037500 0.050000
0 0.412500 0.141667 0.028125 0.037500
0 0.412500 0.527083 0.031250 0.041667
0 0.485938 0.525000 0.034375 0.045833
0 0.479687 0.581250 0.034375 0.045833
0 0.490625 0.262500 0.028125 0.037500
0 0.490625 0.389583 0.040625 0.054167
0 0.564063 0.256250 0.037500 0.050000
0 0.551562 0.322917 0.028125 0.037500
0 0.559375 0.379167 0.031250 0.041667