0 0.312500 0.254167 0.025000 0.033333
0 0.320312 0.333333 0.037500 0.050000
0 0.387500 0.193750 0.040625 0.054167
0 0.378125 0.262500 0.034375 0.045833
0 0.053125 0.639583 0.040625 0.054167
0 0.046875 0.706250 0.028125 0.037500
0 0.110937 0.647917 0.040625 0.054167
0 0.114062 0.710417 0.031250 0.041667
0 0.762500 0.483333 0.028125 0.037500
0 0.770312 0.543750 0.037500 0.050000
0 0.350000 0.739583 0.034375 0.045833
0 0.362500 0.800000 0.040625 0.054167
0 0.351562 0.854167 0.037500 0.050000
0 0.417187 0.787500 0.028125 0.037500