0 0.431250 0.691667 0.034375 0.045833
0 0.423438 0.766667 0.028125 0.037500
0 0.493750 0.635417 0.025000 0.033333
0 0.343750 0.160417 0.034375 0.045833
0 0.356250 0.208333 0.037500 0.050000
0 0.407813 0.158333 0.040625 0.054167
0 0.415625 0.118750 0.040625 0.054167
0 0.468750 0.197917 0.037500 0.050000
0 0.356250 0.177083 0.040625 0.054167
0 0.350000 0.237500 0.034375 0.045833
0 0.406250 0.106250 0.028125 0.037500
0 0.415625 0.177083 0.031250 0.041667
0 0.773438 0.625000 0.037500 0.050000
0 0.767188 0.691667 0.028125 0.037500
0 0.832812 0.560417 0.040625 0.054167
0 0.825000 0.629167 0.031250 0.041667
0 0.387500 0.170833 0.034375 0.045833
0 0.378125 0.235417 0.040625 0.054167
0 0.375000 0.268750 0.037500 0.050000
0 0.431250 0.337500 0.031250 0.041667
0 0.615625 0.637500 0.040625 0.054167
0 0.623437 0.702083 0.040625 0.054167
0 0.682813 0.631250 0.034375 0.045833
0 0.195312 0.412500 0.034375 0.045833
0 0.254688 0.489583 0.025000 0.033333