0 0.650000 0.525000 0.028125 0.037500
0 0.639062 0.585417 0.031250 0.041667
0 0.640625 0.643750 0.025000 0.033333
0 0.701562 0.650000 0.037500 0.050000
0 0.362500 0.331250 0.031250 0.041667
0 0.685937 0.645833 0.040625 0.054167
0 0.690625 0.697917 0.037500 0.050000
0 0.696875 0.770833 0.040625 0.054167
0 0.809375 0.704167 0.040625 0.054167
0 0.868750 0.766667 0.028125 0.037500
0 0.840625 0.568750 0.028125 0.037500
0 0.890625 0.562500 0.034375 0.045833
0 0.903125 0.622917 0.037500 0.050000
0 0.834375 0.589583 0.025000 0.033333
0 0.889062 0.527083 0.040625 0.054167
0 0.885938 0.595833 0.025000 0.033333
0 0.301563 0.077083 0.028125 0.037500
0 0.359375 0.072917 0.040625 0.054167
0 0.360938 0.139583 0.037500 0.050000
0 0.331250 0.718750 0.031250 0.041667
0 0.393750 0.725000 0.034375 0.045833
0 0.393750 0.795833 0.025000 0.033333
0 0.815625 0.060417 0.025000 0.033333
0 0.818750 0.122917 0.040625 0.054167
0 0.814063 0.197917 0.034375 0.045833
0 0.626563 0.595833 0.031250 0.041667
0 0.628125 0.654167 0.025000 0.033333
0 0.637500 0.731250 0.025000 0.033333
0 0.701562 0.602083 0.034375 0.045833