0 0.107813 0.566667 0.028125 0.037500
0 0.098437 0.625000 0.025000 0.033333
0 0.162500 0.568750 0.031250 0.041667
0 0.171875 0.631250 0.028125 0.037500
0 0.356250 0.160417 0.025000 0.033333
0 0.357812 0.289583 0.025000 0.033333
0 0.415625 0.235417 0.025000 0.033333
0 0.173437 0.597917 0.031250 0.041667
0 0.167187 0.735417 0.037500 0.050000
0 0.235937 0.666667 0.031250 0.041667
0 0.556250 0.393750 0.037500 0.050000
0 0.548438 0.456250 0.040625 0.054167
0 0.617188 0.381250 0.037500 0.050000
0 0.614062 0.456250 0.040625 0.054167
0 0.632812 0.585417 0.031250 0.041667
0 0.628125 0.710417 0.025000 0.033333
0 0.693750 0.652083 0.025000 0.033333
0 0.384375 0.533333 0.040625 0.054167
0 0.384375 0.608333 0.028125 0.037500
0 0.446875 0.529167 0.031250 0.041667
0 0.456250 0.595833 0.025000 0.033333
0 0.609375 0.354167 0.031250 0.041667
0 0.620313 0.429167 0.040625 0.054167
0 0.679688 0.289583 0.031250 0.041667
0 0.676562 0.366667 0.037500 0.050000
0 0.239063 0.618750 0.025000 0.033333
0 0.242188 0.739583 0.028125 0.037500
0 0.307812 0.675000 0.037500 0.050000