0 0.714063 0.535417 0.037500 0.050000
0 0.715625 0.597917 0.025000 0.033333
0 0.775000 0.527083 0.031250 0.041667
0 0.257812 0.183333 0.025000 0.033333
0 0.262500 0.256250 0.037500 0.050000
0 0.726562 0.760417 0.025000 0.033333
0 0.715625 0.814583 0.037500 0.050000
0 0.723437 0.885417 0.040625 0.054167
0 0.181250 0.658333 0.031250 0.041667
0 0.170313 0.727083 0.040625 0.054167
0 0.232813 0.658333 0.028125 0.037500
0 0.625000 0.256250 0.028125 0.037500
0 0.637500 0.320833 0.040625 0.054167
0 0.835938 0.304167 0.040625 0.054167
0 0.832812 0.360417 0.040625 0.054167
0 0.900000 0.295833 0.025000 0.033333
0 0.626563 0.545833 0.031250 0.041667
0 0.626563 0.602083 0.031250 0.041667
0 0.631250 0.664583 0.031250 0.041667