0 0.567187 0.629167 0.037500 0.050000
0 0.120313 0.283333 0.031250 0.041667
0 0.114062 0.406250 0.037500 0.050000
0 0.181250 0.337500 0.037500 0.050000
0 0.179688 0.402083 0.040625 0.054167
0 0.096875 0.208333 0.034375 0.045833
0 0.092188 0.327083 0.031250 0.041667
0 0.156250 0.268750 0.037500 0.050000
0 0.159375 0.320833 0.037500 0.050000
0 0.551562 0.597917 0.034375 0.045833
0 0.362500 0.135417 0.034375 0.045833
0 0.223438 0.456250 0.025000 0.033333
0 0.225000 0.589583 0.040625 0.054167
0 0.292187 0.533333 0.040625 0.054167
0 0.293750 0.583333 0.034375 0.045833