0 0.281250 0.304167 0.028125 0.037500
0 0.278125 0.362500 0.040625 0.054167
0 0.256250 0.304167 0.025000 0.033333
0 0.315625 0.310417 0.031250 0.041667
0 0.264062 0.233333 0.034375 0.045833
0 0.332813 0.179167 0.040625 0.054167
0 0.334375 0.227083 0.040625 0.054167
0 0.331250 0.304167 0.040625 0.054167
0 0.478125 0.572917 0.031250 0.041667
0 0.546875 0.585417 0.034375 0.045833
0 0.387500 0.133333 0.025000 0.033333
0 0.390625 0.195833 0.034375 0.045833
0 0.164062 0.479167 0.031250 0.041667
0 0.165625 0.606250 0.028125 0.037500
0 0.229687 0.477083 0.025000 0.033333
0 0.221875 0.554167 0.028125 0.037500
0 0.228125 0.300000 0.031250 0.041667
0 0.225000 0.418750 0.028125 0.037500
0 0.290625 0.300000 0.037500 0.050000
0 0.279687 0.364583 0.037500 0.050000
0 0.778125 0.558333 0.031250 0.041667
0 0.771875 0.608333 0.037500 0.050000