0 0.301563 0.372917 0.040625 0.054167
0 0.309375 0.443750 0.028125 0.037500
0 0.653125 0.535417 0.040625 0.054167
0 0.660937 0.677083 0.031250 0.041667
0 0.720313 0.610417 0.028125 0.037500
0 0.221875 0.258333 0.025000 0.033333
0 0.226562 0.385417 0.031250 0.041667
0 0.296875 0.393750 0.037500 0.050000
0 0.839063 0.645833 0.034375 0.045833
0 0.846875 0.766667 0.037500 0.050000
0 0.901563 0.766667 0.031250 0.041667
0 0.090625 0.539583 0.031250 0.041667
0 0.081250 0.670833 0.034375 0.045833
0 0.150000 0.535417 0.040625 0.054167
0 0.559375 0.518750 0.025000 0.033333
0 0.553125 0.581250 0.028125 0.037500
0 0.442188 0.187500 0.031250 0.041667
0 0.437500 0.245833 0.025000 0.033333
0 0.448437 0.297917 0.040625 0.054167
0 0.512500 0.252083 0.025000 0.033333
0 0.412500 0.437500 0.025000 0.033333
0 0.415625 0.547917 0.031250 0.041667
0 0.476562 0.429167 0.034375 0.045833
0 0.470313 0.497917 0.037500 0.050000
0 0.498437 0.618750 0.040625 0.054167
0 0.500000 0.750000 0.040625 0.054167
0 0.557813 0.695833 0.040625 0.054167
0 0.078125 0.439583 0.031250 0.041667
0 0.068750 0.500000 0.031250 0.041667
0 0.073438 0.572917 0.031250 0.041667
0 0.134375 0.508333 0.031250 0.041667