0 0.175000 0.212500 0.037500 0.050000
0 0.175000 0.345833 0.037500 0.050000
0 0.245312 0.222917 0.034375 0.045833
0 0.764062 0.654167 0.028125 0.037500
0 0.767188 0.770833 0.034375 0.045833
0 0.832812 0.643750 0.025000 0.033333
0 0.150000 0.760417 0.034375 0.045833
0 0.148438 0.897917 0.028125 0.037500
0 0.209375 0.764583 0.037500 0.050000
0 0.051562 0.647917 0.025000 0.033333
0 0.059375 0.704167 0.037500 0.050000
0 0.056250 0.766667 0.040625 0.054167
0 0.118750 0.712500 0.037500 0.050000
0 0.384375 0.150000 0.040625 0.054167
0 0.395313 0.260417 0.037500 0.050000
0 0.446875 0.141667 0.034375 0.045833
0 0.067187 0.739583 0.040625 0.054167
0 0.068750 0.802083 0.025000 0.033333
0 0.062500 0.868750 0.037500 0.050000
0 0.131250 0.795833 0.040625 0.054167
0 0.721875 0.735417 0.037500 0.050000
0 0.725000 0.862500 0.028125 0.037500
0 0.792188 0.725000 0.040625 0.054167