0 0.065625 0.768750 0.034375 0.045833
0 0.068750 0.879167 0.025000 0.033333
0 0.131250 0.831250 0.040625 0.054167
0 0.278125 0.433333 0.028125 0.037500
0 0.282813 0.562500 0.034375 0.045833
0 0.343750 0.500000 0.031250 0.041667
0 0.535937 0.566667 0.034375 0.045833
0 0.539062 0.687500 0.037500 0.050000
0 0.593750 0.614583 0.025000 0.033333
0 0.756250 0.606250 0.037500 0.050000
0 0.815625 0.593750 0.040625 0.054167
0 0.335938 0.456250 0.037500 0.050000
0 0.342187 0.581250 0.034375 0.045833
0 0.396875 0.508333 0.040625 0.054167
0 0.592187 0.218750 0.037500 0.050000
0 0.593750 0.347917 0.040625 0.054167
0 0.653125 0.293750 0.037500 0.050000
0 0.660937 0.356250 0.034375 0.045833
0 0.448437 0.547917 0.034375 0.045833
0 0.446875 0.627083 0.037500 0.050000
0 0.520312 0.562500 0.040625 0.054167
0 0.217188 0.302083 0.034375 0.045833
0 0.209375 0.356250 0.037500 0.050000
0 0.210938 0.420833 0.037500 0.050000
0 0.275000 0.412500 0.031250 0.041667
0 0.698438 0.389583 0.040625 0.054167
0 0.693750 0.527083 0.034375 0.045833
0 0.765625 0.454167 0.028125 0.037500
0 0.751563 0.610417 0.034375 0.045833
0 0.746875 0.729167 0.028125 0.037500
0 0.807813 0.610417 0.028125 0.037500
0 0.803125 0.662500 0.028125 0.037500