0 0.589063 0.464583 0.031250 0.041667
0 0.653125 0.458333 0.040625 0.054167
0 0.654687 0.531250 0.031250 0.041667
0 0.182812 0.543750 0.031250 0.041667
0 0.184375 0.600000 0.025000 0.033333
0 0.287500 0.556250 0.040625 0.054167
0 0.281250 0.616667 0.040625 0.054167
0 0.157812 0.687500 0.025000 0.033333
0 0.156250 0.735417 0.034375 0.045833
0 0.487500 0.320833 0.037500 0.050000
0 0.543750 0.379167 0.040625 0.054167
0 0.300000 0.787500 0.025000 0.033333
0 0.356250 0.718750 0.034375 0.045833
0 0.367188 0.783333 0.034375 0.045833
0 0.776563 0.489583 0.040625 0.054167
0 0.839063 0.425000 0.031250 0.041667
0 0.835938 0.504167 0.031250 0.041667