0 0.676562 0.710417 0.034375 0.045833
0 0.675000 0.781250 0.031250 0.041667
0 0.143750 0.083333 0.028125 0.037500
0 0.131250 0.150000 0.025000 0.033333
0 0.807813 0.335417 0.034375 0.045833
0 0.803125 0.404167 0.037500 0.050000
0 0.860938 0.391667 0.028125 0.037500
0 0.404687 0.406250 0.025000 0.033333
0 0.393750 0.529167 0.031250 0.041667
0 0.459375 0.400000 0.034375 0.045833
0 0.706250 0.450000 0.040625 0.054167
0 0.703125 0.564583 0.040625 0.054167
0 0.526563 0.241667 0.037500 0.050000
0 0.523438 0.297917 0.031250 0.041667
0 0.578125 0.291667 0.031250 0.041667
0 0.421875 0.391667 0.031250 0.041667
0 0.426563 0.520833 0.037500 0.050000
0 0.482812 0.391667 0.040625 0.054167
0 0.418750 0.227083 0.040625 0.054167
0 0.423438 0.364583 0.028125 0.037500