0 0.306250 0.652083 0.031250 0.041667
0 0.312500 0.720833 0.037500 0.050000
0 0.367188 0.600000 0.031250 0.041667
0 0.759375 0.302083 0.028125 0.037500
0 0.764062 0.435417 0.025000 0.033333
0 0.826562 0.302083 0.040625 0.054167
0 0.823438 0.427083 0.031250 0.041667
0 0.359375 0.304167 0.037500 0.050000
0 0.412500 0.302083 0.034375 0.045833
0 0.228125 0.670833 0.031250 0.041667
0 0.220312 0.787500 0.025000 0.033333
0 0.287500 0.729167 0.031250 0.041667
0 0.292187 0.783333 0.034375 0.045833
0 0.114062 0.637500 0.040625 0.054167
0 0.120313 0.700000 0.040625 0.054167
0 0.185938 0.566667 0.034375 0.045833
0 0.442188 0.460417 0.034375 0.045833
0 0.443750 0.520833 0.037500 0.050000
0 0.446875 0.572917 0.040625 0.054167
0 0.709375 0.212500 0.031250 0.041667
0 0.781250 0.210417 0.025000 0.033333
0 0.581250 0.668750 0.040625 0.054167
0 0.589063 0.737500 0.037500 0.050000
0 0.645312 0.677083 0.031250 0.041667
0 0.648438 0.743750 0.037500 0.050000
0 0.292187 0.450000 0.028125 0.037500
0 0.295312 0.514583 0.040625 0.054167
0 0.348438 0.450000 0.028125 0.037500
0 0.359375 0.508333 0.028125 0.037500