0 0.067187 0.729167 0.025000 0.033333
0 0.071875 0.785417 0.025000 0.033333
0 0.795312 0.525000 0.034375 0.045833
0 0.804688 0.658333 0.025000 0.033333
0 0.860938 0.589583 0.031250 0.041667
0 0.612500 0.254167 0.031250 0.041667
0 0.615625 0.377083 0.031250 0.041667
0 0.679688 0.312500 0.028125 0.037500
0 0.504687 0.266667 0.040625 0.054167
0 0.514062 0.329167 0.028125 0.037500
0 0.470313 0.677083 0.040625 0.054167
0 0.531250 0.631250 0.031250 0.041667
0 0.540625 0.691667 0.037500 0.050000
0 0.681250 0.520833 0.025000 0.033333
0 0.681250 0.591667 0.025000 0.033333
0 0.742188 0.452083 0.025000 0.033333
0 0.643750 0.285417 0.040625 0.054167
0 0.634375 0.420833 0.028125 0.037500
0 0.803125 0.356250 0.031250 0.041667
0 0.793750 0.479167 0.034375 0.045833
0 0.856250 0.293750 0.040625 0.054167
0 0.853125 0.370833 0.034375 0.045833
0 0.906250 0.243750 0.025000 0.033333