0 0.387500 0.143750 0.034375 0.045833
0 0.384375 0.216667 0.025000 0.033333
0 0.384375 0.270833 0.040625 0.054167
0 0.445312 0.206250 0.037500 0.050000
0 0.771875 0.752083 0.025000 0.033333
0 0.759375 0.816667 0.025000 0.033333
0 0.764062 0.875000 0.037500 0.050000
0 0.828125 0.825000 0.028125 0.037500
0 0.543750 0.220833 0.028125 0.037500
0 0.609375 0.283333 0.037500 0.050000
0 0.550000 0.743750 0.025000 0.033333
0 0.545312 0.862500 0.025000 0.033333
0 0.606250 0.808333 0.025000 0.033333
0 0.609375 0.872917 0.040625 0.054167