0 0.437500 0.431250 0.040625 0.054167
0 0.445312 0.502083 0.034375 0.045833
0 0.443750 0.554167 0.031250 0.041667
0 0.498437 0.429167 0.025000 0.033333
0 0.500000 0.504167 0.034375 0.045833
0 0.079687 0.125000 0.040625 0.054167
0 0.075000 0.189583 0.040625 0.054167
0 0.070312 0.245833 0.025000 0.033333
0 0.132812 0.118750 0.037500 0.050000
0 0.139063 0.183333 0.037500 0.050000
0 0.454688 0.093750 0.040625 0.054167
0 0.453125 0.212500 0.040625 0.054167
0 0.507812 0.222917 0.037500 0.050000
0 0.692187 0.356250 0.028125 0.037500
0 0.754687 0.306250 0.037500 0.050000
0 0.751563 0.368750 0.037500 0.050000
0 0.818750 0.235417 0.040625 0.054167
0 0.875000 0.158333 0.031250 0.041667
0 0.873437 0.218750 0.040625 0.054167
0 0.351562 0.379167 0.034375 0.045833
0 0.354687 0.487500 0.037500 0.050000
0 0.417187 0.431250 0.034375 0.045833
0 0.417187 0.497917 0.040625 0.054167
0 0.306250 0.089583 0.028125 0.037500
0 0.307812 0.216667 0.034375 0.045833
0 0.379688 0.154167 0.034375 0.045833
0 0.367188 0.216667 0.028125 0.037500
0 0.840625 0.477083 0.040625 0.054167
0 0.909375 0.410417 0.037500 0.050000
0 0.915625 0.481250 0.037500 0.050000