0 0.260937 0.347917 0.025000 0.033333
0 0.325000 0.360417 0.034375 0.045833
0 0.631250 0.781250 0.028125 0.037500
0 0.631250 0.843750 0.037500 0.050000
0 0.696875 0.714583 0.040625 0.054167
0 0.685937 0.770833 0.028125 0.037500
0 0.521875 0.472917 0.040625 0.054167
0 0.525000 0.529167 0.037500 0.050000
0 0.518750 0.589583 0.031250 0.041667
0 0.579688 0.591667 0.028125 0.037500
0 0.695312 0.427083 0.034375 0.045833
0 0.687500 0.493750 0.037500 0.050000
0 0.751563 0.418750 0.037500 0.050000
0 0.618750 0.431250 0.034375 0.045833
0 0.628125 0.500000 0.037500 0.050000
0 0.692187 0.368750 0.037500 0.050000
0 0.682813 0.427083 0.040625 0.054167
0 0.587500 0.360417 0.025000 0.033333
0 0.589063 0.412500 0.037500 0.050000
0 0.590625 0.487500 0.031250 0.041667
0 0.653125 0.347917 0.037500 0.050000
0 0.651563 0.408333 0.025000 0.033333
0 0.303125 0.731250 0.034375 0.045833
0 0.304688 0.795833 0.028125 0.037500
0 0.301563 0.843750 0.028125 0.037500
0 0.364063 0.845833 0.028125 0.037500
0 0.700000 0.510417 0.025000 0.033333
0 0.751563 0.504167 0.037500 0.050000
0 0.756250 0.570833 0.025000 0.033333