0 0.073438 0.593750 0.028125 0.037500
0 0.073438 0.654167 0.031250 0.041667
0 0.070312 0.710417 0.031250 0.041667
0 0.132812 0.587500 0.031250 0.041667
0 0.657813 0.714583 0.031250 0.041667
0 0.712500 0.650000 0.037500 0.050000
0 0.715625 0.706250 0.028125 0.037500
0 0.712500 0.768750 0.040625 0.054167
0 0.076563 0.602083 0.028125 0.037500
0 0.071875 0.727083 0.040625 0.054167
0 0.140625 0.681250 0.028125 0.037500
0 0.137500 0.733333 0.034375 0.045833
0 0.692187 0.275000 0.034375 0.045833
0 0.685937 0.400000 0.037500 0.050000
0 0.757812 0.277083 0.037500 0.050000
0 0.748437 0.347917 0.031250 0.041667
0 0.750000 0.408333 0.037500 0.050000
0 0.667188 0.520833 0.037500 0.050000
0 0.678125 0.587500 0.037500 0.050000
0 0.668750 0.637500 0.034375 0.045833
0 0.542188 0.325000 0.028125 0.037500
0 0.545312 0.400000 0.034375 0.045833
0 0.540625 0.456250 0.031250 0.041667
0 0.601562 0.335417 0.040625 0.054167
0 0.117188 0.816667 0.040625 0.054167
0 0.118750 0.891667 0.037500 0.050000
0 0.181250 0.762500 0.028125 0.037500
0 0.182812 0.829167 0.040625 0.054167
0 0.401562 0.197917 0.025000 0.033333
0 0.392188 0.268750 0.025000 0.033333
0 0.401562 0.325000 0.040625 0.054167
0 0.334375 0.675000 0.040625 0.054167
0 0.332813 0.747917 0.025000 0.033333
0 0.389062 0.622917 0.034375 0.045833
0 0.390625 0.677083 0.037500 0.050000
0 0.409375 0.700000 0.025000 0.033333
0 0.475000 0.629167 0.031250 0.041667
0 0.479687 0.687500 0.025000 0.033333
0 0.484375 0.747917 0.031250 0.041667