0 0.334375 0.239583 0.040625 0.054167
0 0.323437 0.366667 0.025000 0.033333
0 0.389062 0.237500 0.028125 0.037500
0 0.631250 0.360417 0.034375 0.045833
0 0.632812 0.414583 0.031250 0.041667
0 0.625000 0.485417 0.034375 0.045833
0 0.695312 0.410417 0.031250 0.041667
0 0.379688 0.264583 0.037500 0.050000
0 0.442188 0.197917 0.034375 0.045833
0 0.446875 0.252083 0.025000 0.033333
0 0.726562 0.766667 0.034375 0.045833
0 0.728125 0.902083 0.028125 0.037500
0 0.798438 0.762500 0.031250 0.041667
0 0.510938 0.193750 0.025000 0.033333
0 0.506250 0.252083 0.034375 0.045833
0 0.518750 0.316667 0.031250 0.041667
0 0.573438 0.312500 0.037500 0.050000
0 0.398438 0.275000 0.037500 0.050000
0 0.454688 0.216667 0.034375 0.045833
0 0.451562 0.291667 0.037500 0.050000
0 0.762500 0.425000 0.031250 0.041667
0 0.759375 0.545833 0.037500 0.050000
0 0.823438 0.541667 0.037500 0.050000
0 0.259375 0.433333 0.028125 0.037500
0 0.259375 0.500000 0.031250 0.041667
0 0.323437 0.375000 0.028125 0.037500
0 0.320312 0.445833 0.034375 0.045833
0 0.150000 0.741667 0.034375 0.045833
0 0.142187 0.802083 0.037500 0.050000
0 0.146875 0.872917 0.034375 0.045833
0 0.212500 0.866667 0.031250 0.041667