0 0.132812 0.625000 0.031250 0.041667
0 0.132812 0.689583 0.034375 0.045833
0 0.187500 0.622917 0.040625 0.054167
0 0.703125 0.408333 0.034375 0.045833
0 0.706250 0.468750 0.040625 0.054167
0 0.701562 0.525000 0.025000 0.033333
0 0.123438 0.450000 0.028125 0.037500
0 0.115625 0.577083 0.040625 0.054167
0 0.698438 0.760417 0.025000 0.033333
0 0.707812 0.837500 0.040625 0.054167
0 0.762500 0.766667 0.031250 0.041667
0 0.809375 0.243750 0.025000 0.033333
0 0.803125 0.297917 0.028125 0.037500
0 0.807813 0.375000 0.031250 0.041667