0 0.768750 0.435417 0.040625 0.054167
0 0.767188 0.500000 0.025000 0.033333
0 0.764062 0.556250 0.028125 0.037500
0 0.784375 0.575000 0.028125 0.037500
0 0.596875 0.077083 0.034375 0.045833
0 0.598437 0.127083 0.025000 0.033333
0 0.604688 0.193750 0.028125 0.037500
0 0.665625 0.187500 0.025000 0.033333
0 0.745313 0.445833 0.025000 0.033333
0 0.745313 0.506250 0.031250 0.041667
0 0.753125 0.572917 0.034375 0.045833
0 0.375000 0.550000 0.037500 0.050000
0 0.371875 0.614583 0.034375 0.045833
0 0.373437 0.679167 0.031250 0.041667
0 0.442188 0.675000 0.031250 0.041667