0 0.209375 0.575000 0.040625 0.054167
0 0.207813 0.693750 0.037500 0.050000
0 0.265625 0.568750 0.025000 0.033333
0 0.276562 0.706250 0.025000 0.033333
0 0.725000 0.239583 0.031250 0.041667
0 0.728125 0.364583 0.034375 0.045833
0 0.784375 0.245833 0.037500 0.050000
0 0.793750 0.370833 0.037500 0.050000
0 0.703125 0.604167 0.040625 0.054167
0 0.709375 0.727083 0.034375 0.045833
0 0.767188 0.670833 0.028125 0.037500
0 0.770312 0.733333 0.031250 0.041667
0 0.710938 0.585417 0.040625 0.054167
0 0.139063 0.091667 0.028125 0.037500
0 0.112500 0.302083 0.028125 0.037500
0 0.120313 0.366667 0.025000 0.033333
0 0.539062 0.358333 0.040625 0.054167
0 0.531250 0.418750 0.037500 0.050000
0 0.528125 0.489583 0.031250 0.041667
0 0.593750 0.485417 0.034375 0.045833
0 0.848437 0.091667 0.040625 0.054167
0 0.848437 0.150000 0.031250 0.041667
0 0.312500 0.475000 0.028125 0.037500
0 0.365625 0.543750 0.025000 0.033333