0 0.275000 0.400000 0.028125 0.037500
0 0.281250 0.518750 0.037500 0.050000
0 0.340625 0.456250 0.034375 0.045833
0 0.112500 0.345833 0.037500 0.050000
0 0.184375 0.335417 0.031250 0.041667
0 0.485938 0.608333 0.025000 0.033333
0 0.476562 0.735417 0.034375 0.045833
0 0.546875 0.727083 0.037500 0.050000
0 0.160938 0.722917 0.031250 0.041667
0 0.165625 0.841667 0.025000 0.033333
0 0.228125 0.712500 0.037500 0.050000
0 0.223438 0.772917 0.025000 0.033333
0 0.134375 0.683333 0.031250 0.041667
0 0.140625 0.750000 0.040625 0.054167
0 0.135937 0.816667 0.040625 0.054167
0 0.203125 0.675000 0.028125 0.037500
0 0.835938 0.689583 0.031250 0.041667
0 0.829688 0.816667 0.025000 0.033333
0 0.892188 0.812500 0.037500 0.050000
0 0.676562 0.231250 0.037500 0.050000
0 0.682813 0.370833 0.037500 0.050000
0 0.745313 0.229167 0.040625 0.054167
0 0.740625 0.302083 0.031250 0.041667
0 0.556250 0.612500 0.025000 0.033333
0 0.612500 0.550000 0.037500 0.050000
0 0.546875 0.420833 0.034375 0.045833
0 0.542188 0.543750 0.028125 0.037500
0 0.606250 0.420833 0.037500 0.050000
0 0.600000 0.481250 0.028125 0.037500
0 0.193750 0.562500 0.037500 0.050000
0 0.201563 0.685417 0.028125 0.037500
0 0.262500 0.620833 0.037500 0.050000