0 0.310937 0.643750 0.025000 0.033333
0 0.306250 0.704167 0.034375 0.045833
0 0.370312 0.691667 0.028125 0.037500
0 0.068750 0.083333 0.028125 0.037500
0 0.070312 0.143750 0.040625 0.054167
0 0.140625 0.143750 0.028125 0.037500
0 0.853125 0.568750 0.028125 0.037500
0 0.853125 0.629167 0.031250 0.041667
0 0.921875 0.625000 0.031250 0.041667
0 0.057813 0.389583 0.025000 0.033333
0 0.067187 0.504167 0.025000 0.033333
0 0.132812 0.389583 0.034375 0.045833
0 0.120313 0.456250 0.031250 0.041667
0 0.804688 0.720833 0.040625 0.054167
0 0.798438 0.858333 0.040625 0.054167
0 0.864062 0.725000 0.040625 0.054167
0 0.250000 0.397917 0.040625 0.054167
0 0.237500 0.460417 0.037500 0.050000
0 0.309375 0.335417 0.037500 0.050000
0 0.300000 0.397917 0.025000 0.033333