0 0.120313 0.520833 0.025000 0.033333
0 0.114062 0.579167 0.025000 0.033333
0 0.112500 0.633333 0.037500 0.050000
0 0.176563 0.510417 0.040625 0.054167
0 0.654687 0.608333 0.028125 0.037500
0 0.781250 0.766667 0.028125 0.037500
0 0.379688 0.479167 0.025000 0.033333
0 0.378125 0.554167 0.028125 0.037500
0 0.378125 0.608333 0.025000 0.033333
0 0.440625 0.483333 0.034375 0.045833
0 0.418750 0.479167 0.037500 0.050000
0 0.415625 0.602083 0.034375 0.045833
0 0.473438 0.545833 0.037500 0.050000
0 0.785937 0.706250 0.028125 0.037500
0 0.795312 0.829167 0.040625 0.054167
0 0.845313 0.770833 0.025000 0.033333
0 0.196875 0.210417 0.037500 0.050000
0 0.084375 0.533333 0.034375 0.045833
0 0.095312 0.600000 0.025000 0.033333
0 0.092188 0.656250 0.037500 0.050000
0 0.153125 0.525000 0.025000 0.033333
0 0.695312 0.275000 0.028125 0.037500
0 0.754687 0.202083 0.025000 0.033333
0 0.759375 0.270833 0.037500 0.050000
0 0.748437 0.322917 0.031250 0.041667
0 0.701562 0.352083 0.037500 0.050000
0 0.698438 0.468750 0.037500 0.050000
0 0.757812 0.472917 0.028125 0.037500