0 0.776563 0.202083 0.034375 0.045833
0 0.773438 0.264583 0.031250 0.041667
0 0.771875 0.325000 0.034375 0.045833
0 0.534375 0.562500 0.037500 0.050000
0 0.537500 0.685417 0.028125 0.037500
0 0.595313 0.545833 0.028125 0.037500
0 0.593750 0.622917 0.031250 0.041667
0 0.384375 0.743750 0.040625 0.054167
0 0.385937 0.879167 0.031250 0.041667
0 0.446875 0.756250 0.028125 0.037500
0 0.456250 0.810417 0.025000 0.033333
0 0.698438 0.081250 0.037500 0.050000
0 0.698438 0.214583 0.037500 0.050000
0 0.767188 0.214583 0.034375 0.045833