0 0.765625 0.158333 0.025000 0.033333
0 0.767188 0.281250 0.040625 0.054167
0 0.828125 0.222917 0.037500 0.050000
0 0.837500 0.275000 0.037500 0.050000
0 0.250000 0.139583 0.028125 0.037500
0 0.248438 0.260417 0.025000 0.033333
0 0.315625 0.139583 0.025000 0.033333
0 0.751563 0.747917 0.034375 0.045833
0 0.748437 0.864583 0.031250 0.041667
0 0.806250 0.808333 0.040625 0.054167
0 0.814063 0.866667 0.028125 0.037500
0 0.156250 0.425000 0.040625 0.054167
0 0.164062 0.552083 0.034375 0.045833
0 0.225000 0.439583 0.040625 0.054167
0 0.334375 0.645833 0.028125 0.037500
0 0.339062 0.704167 0.025000 0.033333
0 0.392188 0.583333 0.025000 0.033333
0 0.187500 0.637500 0.028125 0.037500
0 0.184375 0.756250 0.034375 0.045833
0 0.245312 0.622917 0.034375 0.045833