0 0.462500 0.572917 0.025000 0.033333
0 0.456250 0.637500 0.037500 0.050000
0 0.464062 0.697917 0.034375 0.045833
0 0.520312 0.579167 0.028125 0.037500
0 0.523438 0.639583 0.025000 0.033333
0 0.092188 0.743750 0.031250 0.041667
0 0.157812 0.681250 0.031250 0.041667
0 0.146875 0.752083 0.034375 0.045833
0 0.450000 0.072917 0.031250 0.041667
0 0.459375 0.152083 0.040625 0.054167
0 0.460938 0.214583 0.040625 0.054167
0 0.515625 0.083333 0.037500 0.050000
0 0.521875 0.150000 0.034375 0.045833
0 0.604688 0.629167 0.025000 0.033333
0 0.603125 0.758333 0.040625 0.054167
0 0.668750 0.616667 0.040625 0.054167
0 0.664062 0.687500 0.040625 0.054167
0 0.206250 0.489583 0.037500 0.050000
0 0.207813 0.597917 0.037500 0.050000
0 0.275000 0.537500 0.031250 0.041667
0 0.106250 0.291667 0.028125 0.037500
0 0.173437 0.229167 0.034375 0.045833
0 0.242188 0.308333 0.040625 0.054167
0 0.231250 0.427083 0.028125 0.037500
0 0.304688 0.297917 0.034375 0.045833
0 0.293750 0.362500 0.025000 0.033333
0 0.428125 0.270833 0.037500 0.050000
0 0.426563 0.337500 0.025000 0.033333
0 0.432812 0.391667 0.040625 0.054167
0 0.239063 0.164583 0.034375 0.045833
0 0.239063 0.275000 0.034375 0.045833
0 0.296875 0.222917 0.031250 0.041667
0 0.306250 0.735417 0.028125 0.037500
0 0.304688 0.791667 0.037500 0.050000
0 0.317188 0.864583 0.037500 0.050000