0 0.629687 0.614583 0.040625 0.054167
0 0.685937 0.681250 0.034375 0.045833
0 0.292187 0.279167 0.028125 0.037500
0 0.345313 0.231250 0.028125 0.037500
0 0.351562 0.283333 0.028125 0.037500
0 0.118750 0.222917 0.040625 0.054167
0 0.123438 0.345833 0.028125 0.037500
0 0.187500 0.216667 0.034375 0.045833
0 0.190625 0.289583 0.031250 0.041667
0 0.193750 0.339583 0.025000 0.033333
0 0.292187 0.362500 0.028125 0.037500
0 0.292187 0.435417 0.037500 0.050000
0 0.364063 0.314583 0.034375 0.045833
0 0.051562 0.150000 0.028125 0.037500
0 0.109375 0.197917 0.037500 0.050000
0 0.490625 0.408333 0.037500 0.050000
0 0.487500 0.518750 0.040625 0.054167
0 0.551562 0.410417 0.040625 0.054167
0 0.543750 0.470833 0.028125 0.037500
0 0.395313 0.737500 0.028125 0.037500
0 0.404687 0.864583 0.031250 0.041667
0 0.460938 0.733333 0.028125 0.037500
0 0.462500 0.795833 0.031250 0.041667
0 0.467187 0.866667 0.031250 0.041667
0 0.453125 0.537500 0.037500 0.050000
0 0.459375 0.654167 0.037500 0.050000
0 0.510938 0.533333 0.034375 0.045833
0 0.676562 0.627083 0.034375 0.045833
0 0.673438 0.758333 0.028125 0.037500
0 0.729688 0.635417 0.031250 0.041667
0 0.739062 0.697917 0.040625 0.054167
0 0.212500 0.358333 0.034375 0.045833
0 0.284375 0.429167 0.028125 0.037500