0 0.578125 0.293750 0.040625 0.054167
0 0.578125 0.414583 0.034375 0.045833
0 0.640625 0.283333 0.034375 0.045833
0 0.640625 0.350000 0.034375 0.045833
0 0.714063 0.104167 0.031250 0.041667
0 0.756250 0.804167 0.037500 0.050000
0 0.821875 0.733333 0.040625 0.054167
0 0.270313 0.443750 0.034375 0.045833
0 0.864062 0.408333 0.037500 0.050000
0 0.854688 0.531250 0.037500 0.050000
0 0.920312 0.412500 0.025000 0.033333
0 0.915625 0.468750 0.034375 0.045833
0 0.629687 0.237500 0.034375 0.045833
0 0.621875 0.368750 0.031250 0.041667
0 0.343750 0.658333 0.037500 0.050000
0 0.334375 0.733333 0.037500 0.050000
0 0.400000 0.660417 0.040625 0.054167
0 0.112500 0.654167 0.031250 0.041667
0 0.110937 0.781250 0.040625 0.054167
0 0.173437 0.658333 0.037500 0.050000
0 0.309375 0.729167 0.034375 0.045833
0 0.315625 0.866667 0.040625 0.054167
0 0.632812 0.445833 0.028125 0.037500
0 0.640625 0.568750 0.025000 0.033333