0 0.526563 0.141667 0.028125 0.037500
0 0.528125 0.218750 0.028125 0.037500
0 0.590625 0.095833 0.025000 0.033333
0 0.592187 0.158333 0.037500 0.050000
0 0.084375 0.214583 0.025000 0.033333
0 0.087500 0.283333 0.034375 0.045833
0 0.145313 0.150000 0.031250 0.041667
0 0.146875 0.220833 0.025000 0.033333
0 0.050000 0.443750 0.025000 0.033333
0 0.056250 0.514583 0.037500 0.050000
0 0.114062 0.393750 0.031250 0.041667
0 0.118750 0.447917 0.037500 0.050000
0 0.817187 0.066667 0.028125 0.037500
0 0.818750 0.129167 0.028125 0.037500
0 0.829688 0.197917 0.034375 0.045833
0 0.235937 0.402083 0.025000 0.033333
0 0.229687 0.454167 0.037500 0.050000
0 0.231250 0.522917 0.028125 0.037500
0 0.095312 0.285417 0.025000 0.033333
0 0.100000 0.354167 0.040625 0.054167
0 0.093750 0.416667 0.034375 0.045833
0 0.442188 0.460417 0.034375 0.045833
0 0.445312 0.585417 0.031250 0.041667
0 0.504687 0.454167 0.031250 0.041667