0 0.353125 0.550000 0.040625 0.054167
0 0.354687 0.616667 0.037500 0.050000
0 0.410938 0.489583 0.025000 0.033333
0 0.414062 0.558333 0.031250 0.041667
0 0.317188 0.229167 0.040625 0.054167
0 0.320312 0.297917 0.028125 0.037500
0 0.371875 0.166667 0.037500 0.050000
0 0.373437 0.239583 0.025000 0.033333
0 0.478125 0.368750 0.037500 0.050000
0 0.482812 0.491667 0.034375 0.045833
0 0.539062 0.375000 0.034375 0.045833
0 0.542188 0.489583 0.025000 0.033333
0 0.657813 0.725000 0.040625 0.054167
0 0.660937 0.787500 0.031250 0.041667
0 0.653125 0.841667 0.028125 0.037500
0 0.721875 0.718750 0.037500 0.050000
0 0.350000 0.579167 0.040625 0.054167
0 0.359375 0.637500 0.025000 0.033333
0 0.418750 0.577083 0.034375 0.045833
0 0.423438 0.635417 0.040625 0.054167
0 0.698438 0.291667 0.031250 0.041667
0 0.706250 0.358333 0.037500 0.050000
0 0.704688 0.427083 0.031250 0.041667
0 0.760938 0.300000 0.031250 0.041667