0 0.248438 0.706250 0.040625 0.054167
0 0.242188 0.837500 0.025000 0.033333
0 0.312500 0.702083 0.031250 0.041667
0 0.339062 0.241667 0.025000 0.033333
0 0.343750 0.308333 0.037500 0.050000
0 0.407813 0.245833 0.028125 0.037500
0 0.406250 0.308333 0.034375 0.045833
0 0.150000 0.595833 0.025000 0.033333
0 0.217188 0.595833 0.028125 0.037500
0 0.217188 0.656250 0.028125 0.037500
0 0.064062 0.422917 0.034375 0.045833
0 0.064062 0.479167 0.025000 0.033333
0 0.131250 0.362500 0.037500 0.050000
0 0.121875 0.416667 0.025000 0.033333
0 0.626563 0.502083 0.037500 0.050000
0 0.692187 0.489583 0.034375 0.045833
0 0.684375 0.552083 0.028125 0.037500
0 0.632812 0.558333 0.034375 0.045833
0 0.632812 0.620833 0.025000 0.033333
0 0.693750 0.556250 0.028125 0.037500
0 0.687500 0.622917 0.028125 0.037500
0 0.654687 0.175000 0.034375 0.045833
0 0.656250 0.252083 0.037500 0.050000
0 0.650000 0.304167 0.028125 0.037500
0 0.139063 0.127083 0.037500 0.050000
0 0.203125 0.183333 0.028125 0.037500
0 0.837500 0.512500 0.025000 0.033333
0 0.834375 0.585417 0.025000 0.033333
0 0.893750 0.462500 0.028125 0.037500
0 0.904687 0.525000 0.040625 0.054167