0 0.382812 0.545833 0.034375 0.045833
0 0.393750 0.602083 0.031250 0.041667
0 0.389062 0.672917 0.040625 0.054167
0 0.456250 0.543750 0.034375 0.045833
0 0.573438 0.791667 0.028125 0.037500
0 0.640625 0.735417 0.034375 0.045833
0 0.546875 0.358333 0.031250 0.041667
0 0.542188 0.414583 0.025000 0.033333
0 0.548438 0.479167 0.034375 0.045833
0 0.612500 0.347917 0.040625 0.054167
0 0.607812 0.410417 0.025000 0.033333
0 0.787500 0.560417 0.028125 0.037500
0 0.851562 0.489583 0.031250 0.041667
0 0.856250 0.562500 0.025000 0.033333
0 0.853125 0.629167 0.031250 0.041667
0 0.731250 0.295833 0.040625 0.054167
0 0.803125 0.229167 0.028125 0.037500
0 0.478125 0.433333 0.025000 0.033333
0 0.487500 0.552083 0.037500 0.050000
0 0.301563 0.175000 0.025000 0.033333
0 0.303125 0.314583 0.037500 0.050000