0 0.429688 0.270833 0.025000 0.033333
0 0.423438 0.327083 0.040625 0.054167
0 0.423438 0.397917 0.034375 0.045833
0 0.482812 0.381250 0.028125 0.037500
0 0.843750 0.531250 0.040625 0.054167
0 0.909375 0.477083 0.040625 0.054167
0 0.906250 0.529167 0.034375 0.045833
0 0.907813 0.589583 0.031250 0.041667
0 0.440625 0.606250 0.034375 0.045833
0 0.435937 0.666667 0.028125 0.037500
0 0.432812 0.735417 0.025000 0.033333
0 0.496875 0.735417 0.025000 0.033333
0 0.509375 0.222917 0.037500 0.050000
0 0.510938 0.360417 0.028125 0.037500
0 0.568750 0.233333 0.031250 0.041667
0 0.570312 0.347917 0.028125 0.037500
0 0.556250 0.416667 0.031250 0.041667
0 0.615625 0.347917 0.040625 0.054167
0 0.626563 0.408333 0.028125 0.037500
0 0.628125 0.470833 0.031250 0.041667
0 0.679688 0.552083 0.034375 0.045833
0 0.678125 0.614583 0.034375 0.045833
0 0.746875 0.500000 0.028125 0.037500