0 0.179688 0.122917 0.040625 0.054167
0 0.182812 0.177083 0.034375 0.045833
0 0.182812 0.237500 0.025000 0.033333
0 0.251563 0.114583 0.034375 0.045833
0 0.248438 0.183333 0.034375 0.045833
0 0.337500 0.347917 0.040625 0.054167
0 0.325000 0.402083 0.040625 0.054167
0 0.332813 0.460417 0.025000 0.033333
0 0.398438 0.339583 0.037500 0.050000
0 0.392188 0.406250 0.037500 0.050000
0 0.718750 0.235417 0.025000 0.033333
0 0.773438 0.293750 0.040625 0.054167
0 0.404687 0.331250 0.031250 0.041667
0 0.409375 0.395833 0.034375 0.045833
0 0.400000 0.456250 0.028125 0.037500
0 0.462500 0.331250 0.028125 0.037500
0 0.471875 0.395833 0.040625 0.054167