0 0.414062 0.356250 0.037500 0.050000
0 0.418750 0.422917 0.037500 0.050000
0 0.415625 0.479167 0.037500 0.050000
0 0.150000 0.712500 0.040625 0.054167
0 0.142187 0.762500 0.040625 0.054167
0 0.203125 0.641667 0.037500 0.050000
0 0.209375 0.714583 0.031250 0.041667
0 0.395313 0.472917 0.034375 0.045833
0 0.389062 0.541667 0.025000 0.033333
0 0.392188 0.600000 0.031250 0.041667
0 0.451562 0.483333 0.028125 0.037500
0 0.826562 0.220833 0.037500 0.050000
0 0.825000 0.283333 0.040625 0.054167
0 0.820312 0.345833 0.031250 0.041667
0 0.884375 0.222917 0.031250 0.041667
0 0.635938 0.831250 0.037500 0.050000
0 0.634375 0.891667 0.028125 0.037500
0 0.692187 0.768750 0.031250 0.041667
0 0.760938 0.439583 0.028125 0.037500
0 0.756250 0.502083 0.028125 0.037500
0 0.760938 0.570833 0.028125 0.037500
0 0.821875 0.445833 0.028125 0.037500
0 0.739062 0.135417 0.034375 0.045833
0 0.737500 0.189583 0.025000 0.033333
0 0.798438 0.077083 0.025000 0.033333
0 0.796875 0.129167 0.034375 0.045833