0 0.215625 0.643750 0.037500 0.050000
0 0.214062 0.695833 0.034375 0.045833
0 0.218750 0.758333 0.025000 0.033333
0 0.282813 0.639583 0.037500 0.050000
0 0.832812 0.147917 0.040625 0.054167
0 0.903125 0.212500 0.028125 0.037500
0 0.193750 0.637500 0.040625 0.054167
0 0.192188 0.708333 0.031250 0.041667
0 0.259375 0.702083 0.031250 0.041667
0 0.775000 0.164583 0.028125 0.037500
0 0.775000 0.291667 0.037500 0.050000
0 0.832812 0.275000 0.028125 0.037500
0 0.823438 0.379167 0.037500 0.050000
0 0.821875 0.435417 0.028125 0.037500
0 0.890625 0.377083 0.034375 0.045833
0 0.885938 0.445833 0.028125 0.037500
0 0.143750 0.541667 0.037500 0.050000
0 0.143750 0.604167 0.028125 0.037500
0 0.143750 0.654167 0.037500 0.050000
0 0.217188 0.527083 0.034375 0.045833
0 0.132812 0.277083 0.040625 0.054167
0 0.128125 0.339583 0.037500 0.050000
0 0.195312 0.277083 0.040625 0.054167
0 0.192188 0.337500 0.028125 0.037500
0 0.814063 0.664583 0.031250 0.041667
0 0.814063 0.731250 0.034375 0.045833
0 0.878125 0.664583 0.037500 0.050000
0 0.876563 0.718750 0.025000 0.033333
0 0.687500 0.745833 0.025000 0.033333
0 0.754687 0.804167 0.037500 0.050000