0 0.412500 0.656250 0.025000 0.033333
0 0.410938 0.789583 0.040625 0.054167
0 0.060937 0.312500 0.028125 0.037500
0 0.064062 0.443750 0.034375 0.045833
0 0.118750 0.320833 0.037500 0.050000
0 0.129688 0.375000 0.040625 0.054167
0 0.581250 0.770833 0.040625 0.054167
0 0.584375 0.822917 0.037500 0.050000
0 0.643750 0.825000 0.037500 0.050000
0 0.484375 0.058333 0.031250 0.041667
0 0.484375 0.118750 0.037500 0.050000
0 0.489063 0.193750 0.040625 0.054167
0 0.545312 0.056250 0.025000 0.033333
0 0.240625 0.106250 0.040625 0.054167
0 0.228125 0.233333 0.025000 0.033333
0 0.129688 0.093750 0.037500 0.050000
0 0.131250 0.212500 0.037500 0.050000
0 0.689063 0.181250 0.028125 0.037500
0 0.685937 0.250000 0.025000 0.033333
0 0.753125 0.191667 0.037500 0.050000
0 0.759375 0.260417 0.031250 0.041667
0 0.189062 0.466667 0.034375 0.045833
0 0.187500 0.539583 0.037500 0.050000
0 0.179688 0.595833 0.037500 0.050000
0 0.243750 0.464583 0.034375 0.045833
0 0.412500 0.091667 0.037500 0.050000
0 0.407813 0.154167 0.040625 0.054167
0 0.407813 0.206250 0.025000 0.033333
0 0.470313 0.089583 0.028125 0.037500
0 0.070312 0.370833 0.034375 0.045833
0 0.125000 0.437500 0.037500 0.050000