0 0.175000 0.116667 0.031250 0.041667
0 0.181250 0.179167 0.025000 0.033333
0 0.239063 0.116667 0.034375 0.045833
0 0.682813 0.668750 0.037500 0.050000
0 0.682813 0.810417 0.040625 0.054167
0 0.748437 0.735417 0.031250 0.041667
0 0.392188 0.464583 0.028125 0.037500
0 0.390625 0.591667 0.025000 0.033333
0 0.451562 0.477083 0.028125 0.037500
0 0.453125 0.525000 0.031250 0.041667
0 0.509375 0.308333 0.037500 0.050000
0 0.518750 0.364583 0.034375 0.045833
0 0.581250 0.312500 0.034375 0.045833
0 0.142187 0.187500 0.040625 0.054167
0 0.140625 0.247917 0.028125 0.037500
0 0.207813 0.185417 0.037500 0.050000