0 0.203125 0.685417 0.031250 0.041667
0 0.203125 0.754167 0.040625 0.054167
0 0.195312 0.825000 0.037500 0.050000
0 0.265625 0.816667 0.040625 0.054167
0 0.129688 0.497917 0.037500 0.050000
0 0.192188 0.443750 0.028125 0.037500
0 0.106250 0.197917 0.037500 0.050000
0 0.115625 0.268750 0.028125 0.037500
0 0.109375 0.322917 0.034375 0.045833
0 0.168750 0.316667 0.028125 0.037500
0 0.550000 0.352083 0.034375 0.045833
0 0.612500 0.295833 0.037500 0.050000
0 0.856250 0.258333 0.031250 0.041667
0 0.857812 0.308333 0.028125 0.037500
0 0.925000 0.245833 0.034375 0.045833
0 0.926562 0.320833 0.034375 0.045833
0 0.560937 0.335417 0.040625 0.054167
0 0.631250 0.272917 0.034375 0.045833
0 0.312500 0.304167 0.037500 0.050000
0 0.318750 0.416667 0.025000 0.033333
0 0.381250 0.414583 0.034375 0.045833