0 0.825000 0.116667 0.025000 0.033333
0 0.828125 0.245833 0.031250 0.041667
0 0.895312 0.116667 0.034375 0.045833
0 0.095312 0.120833 0.031250 0.041667
0 0.156250 0.120833 0.025000 0.033333
0 0.156250 0.191667 0.028125 0.037500
0 0.745313 0.331250 0.034375 0.045833
0 0.739062 0.439583 0.037500 0.050000
0 0.423438 0.081250 0.031250 0.041667
0 0.768750 0.431250 0.040625 0.054167
0 0.770312 0.479167 0.037500 0.050000
0 0.764062 0.550000 0.025000 0.033333
0 0.826562 0.485417 0.037500 0.050000
0 0.662500 0.716667 0.031250 0.041667
0 0.656250 0.825000 0.040625 0.054167
0 0.728125 0.710417 0.040625 0.054167
0 0.323437 0.770833 0.028125 0.037500
0 0.334375 0.885417 0.028125 0.037500