0 0.273438 0.537500 0.034375 0.045833
0 0.275000 0.604167 0.031250 0.041667
0 0.345313 0.593750 0.040625 0.054167
0 0.184375 0.572917 0.028125 0.037500
0 0.243750 0.520833 0.031250 0.041667
0 0.723437 0.545833 0.037500 0.050000
0 0.718750 0.606250 0.025000 0.033333
0 0.209375 0.700000 0.031250 0.041667
0 0.271875 0.637500 0.034375 0.045833
0 0.237500 0.110417 0.037500 0.050000
0 0.290625 0.183333 0.034375 0.045833
0 0.587500 0.256250 0.040625 0.054167
0 0.578125 0.372917 0.025000 0.033333
0 0.642188 0.256250 0.034375 0.045833
0 0.650000 0.316667 0.037500 0.050000
0 0.651563 0.377083 0.025000 0.033333
0 0.815625 0.756250 0.034375 0.045833
0 0.821875 0.887500 0.040625 0.054167
0 0.878125 0.764583 0.034375 0.045833
0 0.873437 0.810417 0.037500 0.050000
0 0.875000 0.875000 0.040625 0.054167
0 0.618750 0.668750 0.040625 0.054167
0 0.681250 0.654167 0.040625 0.054167
0 0.806250 0.143750 0.028125 0.037500
0 0.875000 0.081250 0.028125 0.037500