0 0.179688 0.195833 0.031250 0.041667
0 0.479687 0.756250 0.028125 0.037500
0 0.479687 0.812500 0.028125 0.037500
0 0.543750 0.695833 0.028125 0.037500
0 0.168750 0.206250 0.031250 0.041667
0 0.231250 0.220833 0.028125 0.037500
0 0.229687 0.279167 0.037500 0.050000
0 0.743750 0.189583 0.040625 0.054167
0 0.745313 0.239583 0.037500 0.050000
0 0.801562 0.125000 0.040625 0.054167
0 0.496875 0.316667 0.025000 0.033333
0 0.040625 0.418750 0.037500 0.050000
0 0.718750 0.347917 0.034375 0.045833
0 0.712500 0.420833 0.031250 0.041667
0 0.718750 0.472917 0.031250 0.041667
0 0.779687 0.345833 0.025000 0.033333
0 0.082812 0.741667 0.031250 0.041667
0 0.078125 0.862500 0.034375 0.045833
0 0.150000 0.735417 0.037500 0.050000