0 0.814063 0.085417 0.025000 0.033333
0 0.815625 0.212500 0.034375 0.045833
0 0.835938 0.627083 0.028125 0.037500
0 0.904687 0.620833 0.031250 0.041667
0 0.907813 0.679167 0.025000 0.033333
0 0.556250 0.433333 0.028125 0.037500
0 0.564063 0.562500 0.037500 0.050000
0 0.628125 0.439583 0.028125 0.037500
0 0.282813 0.747917 0.037500 0.050000
0 0.345313 0.689583 0.025000 0.033333
0 0.334375 0.754167 0.031250 0.041667
0 0.346875 0.814583 0.034375 0.045833
0 0.564063 0.470833 0.034375 0.045833
0 0.626563 0.416667 0.034375 0.045833
0 0.626563 0.481250 0.037500 0.050000
0 0.618750 0.535417 0.025000 0.033333
0 0.546875 0.752083 0.040625 0.054167
0 0.603125 0.831250 0.034375 0.045833
0 0.695312 0.508333 0.031250 0.041667
0 0.693750 0.635417 0.025000 0.033333
0 0.759375 0.506250 0.034375 0.045833
0 0.137500 0.591667 0.037500 0.050000
0 0.206250 0.600000 0.040625 0.054167
0 0.195312 0.668750 0.037500 0.050000
0 0.439063 0.635417 0.025000 0.033333
0 0.435937 0.770833 0.037500 0.050000
0 0.500000 0.764583 0.040625 0.054167