0 0.765625 0.587500 0.025000 0.033333
0 0.759375 0.720833 0.025000 0.033333
0 0.821875 0.589583 0.025000 0.033333
0 0.276562 0.708333 0.040625 0.054167
0 0.279687 0.756250 0.040625 0.054167
0 0.331250 0.697917 0.025000 0.033333
0 0.639062 0.529167 0.031250 0.041667
0 0.637500 0.666667 0.025000 0.033333
0 0.710938 0.537500 0.028125 0.037500
0 0.700000 0.666667 0.031250 0.041667
0 0.507812 0.491667 0.028125 0.037500
0 0.575000 0.485417 0.040625 0.054167
0 0.565625 0.554167 0.034375 0.045833
0 0.335938 0.575000 0.037500 0.050000
0 0.403125 0.522917 0.037500 0.050000
0 0.778125 0.275000 0.025000 0.033333
0 0.789062 0.400000 0.025000 0.033333
0 0.843750 0.266667 0.031250 0.041667
0 0.839063 0.395833 0.037500 0.050000
0 0.250000 0.493750 0.028125 0.037500
0 0.243750 0.610417 0.037500 0.050000
0 0.312500 0.497917 0.040625 0.054167
0 0.310937 0.606250 0.034375 0.045833