0 0.506250 0.325000 0.025000 0.033333
0 0.500000 0.383333 0.034375 0.045833
0 0.504687 0.460417 0.028125 0.037500
0 0.670312 0.729167 0.040625 0.054167
0 0.668750 0.800000 0.028125 0.037500
0 0.729688 0.793750 0.031250 0.041667
0 0.770312 0.660417 0.025000 0.033333
0 0.767188 0.718750 0.025000 0.033333
0 0.837500 0.722917 0.028125 0.037500
0 0.392188 0.389583 0.031250 0.041667
0 0.400000 0.510417 0.031250 0.041667
0 0.459375 0.452083 0.037500 0.050000
0 0.825000 0.560417 0.025000 0.033333
0 0.828125 0.614583 0.025000 0.033333
0 0.834375 0.677083 0.040625 0.054167