0 0.529687 0.343750 0.025000 0.033333
0 0.532813 0.468750 0.034375 0.045833
0 0.593750 0.468750 0.031250 0.041667
0 0.262500 0.466667 0.031250 0.041667
0 0.259375 0.583333 0.040625 0.054167
0 0.321875 0.593750 0.025000 0.033333
0 0.462500 0.797917 0.028125 0.037500
0 0.529687 0.727083 0.040625 0.054167
0 0.525000 0.789583 0.025000 0.033333
0 0.656250 0.089583 0.025000 0.033333
0 0.667188 0.202083 0.031250 0.041667
0 0.720313 0.081250 0.034375 0.045833
0 0.146875 0.710417 0.034375 0.045833
0 0.215625 0.787500 0.028125 0.037500
0 0.282813 0.514583 0.025000 0.033333
0 0.275000 0.645833 0.031250 0.041667
0 0.345313 0.527083 0.031250 0.041667
0 0.346875 0.635417 0.028125 0.037500
0 0.437500 0.335417 0.025000 0.033333
0 0.506250 0.389583 0.028125 0.037500
0 0.639062 0.054167 0.037500 0.050000
0 0.632812 0.187500 0.031250 0.041667
0 0.701562 0.187500 0.034375 0.045833