0 0.412500 0.664583 0.040625 0.054167
0 0.412500 0.791667 0.025000 0.033333
0 0.471875 0.787500 0.034375 0.045833
0 0.523438 0.475000 0.031250 0.041667
0 0.518750 0.520833 0.040625 0.054167
0 0.520312 0.593750 0.040625 0.054167
0 0.581250 0.466667 0.037500 0.050000
0 0.096875 0.281250 0.028125 0.037500
0 0.103125 0.333333 0.025000 0.033333
0 0.153125 0.281250 0.034375 0.045833
0 0.846875 0.764583 0.028125 0.037500
0 0.846875 0.827083 0.031250 0.041667
0 0.837500 0.875000 0.034375 0.045833
0 0.900000 0.766667 0.031250 0.041667
0 0.378125 0.456250 0.040625 0.054167
0 0.379688 0.514583 0.034375 0.045833
0 0.440625 0.400000 0.031250 0.041667
0 0.450000 0.445833 0.040625 0.054167
0 0.348438 0.564583 0.025000 0.033333
0 0.353125 0.635417 0.025000 0.033333
0 0.410938 0.510417 0.028125 0.037500
0 0.418750 0.558333 0.040625 0.054167
0 0.134375 0.393750 0.037500 0.050000
0 0.134375 0.445833 0.025000 0.033333
0 0.204687 0.318750 0.025000 0.033333
0 0.196875 0.377083 0.037500 0.050000
0 0.590625 0.397917 0.037500 0.050000
0 0.585938 0.450000 0.037500 0.050000
0 0.653125 0.456250 0.025000 0.033333
0 0.629687 0.166667 0.025000 0.033333
0 0.625000 0.225000 0.034375 0.045833
0 0.682813 0.175000 0.028125 0.037500